([25.5567, 0.196667, 0.806667], 32318.560714378385, [23.78 24.3722 24.9644 25.5567 26.1489 26.7411 27.3333; 0.0 0.0 0.0 0.0 0.0 0.0 0.0; 0.76 0.76 0.76 0.76 0.76 0.76 0.76]

[23.78 24.3722 24.9644 25.5567 26.1489 26.7411 27.3333; 0.0983333 0.0983333 0.0983333 0.0983333 0.0983333 0.0983333 0.0983333; 0.76 0.76 0.76 0.76 0.76 0.76 0.76]

[23.78 24.3722 24.9644 25.5567 26.1489 26.7411 27.3333; 0.196667 0.196667 0.196667 0.196667 0.196667 0.196667 0.196667; 0.76 0.76 0.76 0.76 0.76 0.76 0.76]

[23.78 24.3722 24.9644 25.5567 26.1489 26.7411 27.3333; 0.295 0.295 0.295 0.295 0.295 0.295 0.295; 0.76 0.76 0.76 0.76 0.76 0.76 0.76]

[23.78 24.3722 24.9644 25.5567 26.1489 26.7411 27.3333; 0.393333 0.393333 0.393333 0.393333 0.393333 0.393333 0.393333; 0.76 0.76 0.76 0.76 0.76 0.76 0.76]

[23.78 24.3722 24.9644 25.5567 26.1489 26.7411 27.3333; 0.491667 0.491667 0.491667 0.491667 0.491667 0.491667 0.491667; 0.76 0.76 0.76 0.76 0.76 0.76 0.76]

[23.78 24.3722 24.9644 25.5567 26.1489 26.7411 27.3333; 0.59 0.59 0.59 0.59 0.59 0.59 0.59; 0.76 0.76 0.76 0.76 0.76 0.76 0.76]

[23.78 24.3722 24.9644 25.5567 26.1489 26.7411 27.3333; 0.0 0.0 0.0 0.0 0.0 0.0 0.0; 0.783333 0.783333 0.783333 0.783333 0.783333 0.783333 0.783333]

[23.78 24.3722 24.9644 25.5567 26.1489 26.7411 27.3333; 0.0983333 0.0983333 0.0983333 0.0983333 0.0983333 0.0983333 0.0983333; 0.783333 0.783333 0.783333 0.783333 0.783333 0.783333 0.783333]

[23.78 24.3722 24.9644 25.5567 26.1489 26.7411 27.3333; 0.196667 0.196667 0.196667 0.196667 0.196667 0.196667 0.196667; 0.783333 0.783333 0.783333 0.783333 0.783333 0.783333 0.783333]

[23.78 24.3722 24.9644 25.5567 26.1489 26.7411 27.3333; 0.295 0.295 0.295 0.295 0.295 0.295 0.295; 0.783333 0.783333 0.783333 0.783333 0.783333 0.783333 0.783333]

[23.78 24.3722 24.9644 25.5567 26.1489 26.7411 27.3333; 0.393333 0.393333 0.393333 0.393333 0.393333 0.393333 0.393333; 0.783333 0.783333 0.783333 0.783333 0.783333 0.783333 0.783333]

[23.78 24.3722 24.9644 25.5567 26.1489 26.7411 27.3333; 0.491667 0.491667 0.491667 0.491667 0.491667 0.491667 0.491667; 0.783333 0.783333 0.783333 0.783333 0.783333 0.783333 0.783333]

[23.78 24.3722 24.9644 25.5567 26.1489 26.7411 27.3333; 0.59 0.59 0.59 0.59 0.59 0.59 0.59; 0.783333 0.783333 0.783333 0.783333 0.783333 0.783333 0.783333]

[23.78 24.3722 24.9644 25.5567 26.1489 26.7411 27.3333; 0.0 0.0 0.0 0.0 0.0 0.0 0.0; 0.806667 0.806667 0.806667 0.806667 0.806667 0.806667 0.806667]

[23.78 24.3722 24.9644 25.5567 26.1489 26.7411 27.3333; 0.0983333 0.0983333 0.0983333 0.0983333 0.0983333 0.0983333 0.0983333; 0.806667 0.806667 0.806667 0.806667 0.806667 0.806667 0.806667]

[23.78 24.3722 24.9644 25.5567 26.1489 26.7411 27.3333; 0.196667 0.196667 0.196667 0.196667 0.196667 0.196667 0.196667; 0.806667 0.806667 0.806667 0.806667 0.806667 0.806667 0.806667]

[23.78 24.3722 24.9644 25.5567 26.1489 26.7411 27.3333; 0.295 0.295 0.295 0.295 0.295 0.295 0.295; 0.806667 0.806667 0.806667 0.806667 0.806667 0.806667 0.806667]

[23.78 24.3722 24.9644 25.5567 26.1489 26.7411 27.3333; 0.393333 0.393333 0.393333 0.393333 0.393333 0.393333 0.393333; 0.806667 0.806667 0.806667 0.806667 0.806667 0.806667 0.806667]

[23.78 24.3722 24.9644 25.5567 26.1489 26.7411 27.3333; 0.491667 0.491667 0.491667 0.491667 0.491667 0.491667 0.491667; 0.806667 0.806667 0.806667 0.806667 0.806667 0.806667 0.806667]

[23.78 24.3722 24.9644 25.5567 26.1489 26.7411 27.3333; 0.59 0.59 0.59 0.59 0.59 0.59 0.59; 0.806667 0.806667 0.806667 0.806667 0.806667 0.806667 0.806667]

[23.78 24.3722 24.9644 25.5567 26.1489 26.7411 27.3333; 0.0 0.0 0.0 0.0 0.0 0.0 0.0; 0.83 0.83 0.83 0.83 0.83 0.83 0.83]

[23.78 24.3722 24.9644 25.5567 26.1489 26.7411 27.3333; 0.0983333 0.0983333 0.0983333 0.0983333 0.0983333 0.0983333 0.0983333; 0.83 0.83 0.83 0.83 0.83 0.83 0.83]

[23.78 24.3722 24.9644 25.5567 26.1489 26.7411 27.3333; 0.196667 0.196667 0.196667 0.196667 0.196667 0.196667 0.196667; 0.83 0.83 0.83 0.83 0.83 0.83 0.83]

[23.78 24.3722 24.9644 25.5567 26.1489 26.7411 27.3333; 0.295 0.295 0.295 0.295 0.295 0.295 0.295; 0.83 0.83 0.83 0.83 0.83 0.83 0.83]

[23.78 24.3722 24.9644 25.5567 26.1489 26.7411 27.3333; 0.393333 0.393333 0.393333 0.393333 0.393333 0.393333 0.393333; 0.83 0.83 0.83 0.83 0.83 0.83 0.83]

[23.78 24.3722 24.9644 25.5567 26.1489 26.7411 27.3333; 0.491667 0.491667 0.491667 0.491667 0.491667 0.491667 0.491667; 0.83 0.83 0.83 0.83 0.83 0.83 0.83]

[23.78 24.3722 24.9644 25.5567 26.1489 26.7411 27.3333; 0.59 0.59 0.59 0.59 0.59 0.59 0.59; 0.83 0.83 0.83 0.83 0.83 0.83 0.83]

[23.78 24.3722 24.9644 25.5567 26.1489 26.7411 27.3333; 0.0 0.0 0.0 0.0 0.0 0.0 0.0; 0.853333 0.853333 0.853333 0.853333 0.853333 0.853333 0.853333]

[23.78 24.3722 24.9644 25.5567 26.1489 26.7411 27.3333; 0.0983333 0.0983333 0.0983333 0.0983333 0.0983333 0.0983333 0.0983333; 0.853333 0.853333 0.853333 0.853333 0.853333 0.853333 0.853333]

[23.78 24.3722 24.9644 25.5567 26.1489 26.7411 27.3333; 0.196667 0.196667 0.196667 0.196667 0.196667 0.196667 0.196667; 0.853333 0.853333 0.853333 0.853333 0.853333 0.853333 0.853333]

[23.78 24.3722 24.9644 25.5567 26.1489 26.7411 27.3333; 0.295 0.295 0.295 0.295 0.295 0.295 0.295; 0.853333 0.853333 0.853333 0.853333 0.853333 0.853333 0.853333]

[23.78 24.3722 24.9644 25.5567 26.1489 26.7411 27.3333; 0.393333 0.393333 0.393333 0.393333 0.393333 0.393333 0.393333; 0.853333 0.853333 0.853333 0.853333 0.853333 0.853333 0.853333]

[23.78 24.3722 24.9644 25.5567 26.1489 26.7411 27.3333; 0.491667 0.491667 0.491667 0.491667 0.491667 0.491667 0.491667; 0.853333 0.853333 0.853333 0.853333 0.853333 0.853333 0.853333]

[23.78 24.3722 24.9644 25.5567 26.1489 26.7411 27.3333; 0.59 0.59 0.59 0.59 0.59 0.59 0.59; 0.853333 0.853333 0.853333 0.853333 0.853333 0.853333 0.853333]

[23.78 24.3722 24.9644 25.5567 26.1489 26.7411 27.3333; 0.0 0.0 0.0 0.0 0.0 0.0 0.0; 0.876667 0.876667 0.876667 0.876667 0.876667 0.876667 0.876667]

[23.78 24.3722 24.9644 25.5567 26.1489 26.7411 27.3333; 0.0983333 0.0983333 0.0983333 0.0983333 0.0983333 0.0983333 0.0983333; 0.876667 0.876667 0.876667 0.876667 0.876667 0.876667 0.876667]

[23.78 24.3722 24.9644 25.5567 26.1489 26.7411 27.3333; 0.196667 0.196667 0.196667 0.196667 0.196667 0.196667 0.196667; 0.876667 0.876667 0.876667 0.876667 0.876667 0.876667 0.876667]

[23.78 24.3722 24.9644 25.5567 26.1489 26.7411 27.3333; 0.295 0.295 0.295 0.295 0.295 0.295 0.295; 0.876667 0.876667 0.876667 0.876667 0.876667 0.876667 0.876667]

[23.78 24.3722 24.9644 25.5567 26.1489 26.7411 27.3333; 0.393333 0.393333 0.393333 0.393333 0.393333 0.393333 0.393333; 0.876667 0.876667 0.876667 0.876667 0.876667 0.876667 0.876667]

[23.78 24.3722 24.9644 25.5567 26.1489 26.7411 27.3333; 0.491667 0.491667 0.491667 0.491667 0.491667 0.491667 0.491667; 0.876667 0.876667 0.876667 0.876667 0.876667 0.876667 0.876667]

[23.78 24.3722 24.9644 25.5567 26.1489 26.7411 27.3333; 0.59 0.59 0.59 0.59 0.59 0.59 0.59; 0.876667 0.876667 0.876667 0.876667 0.876667 0.876667 0.876667]

[23.78 24.3722 24.9644 25.5567 26.1489 26.7411 27.3333; 0.0 0.0 0.0 0.0 0.0 0.0 0.0; 0.9 0.9 0.9 0.9 0.9 0.9 0.9]

[23.78 24.3722 24.9644 25.5567 26.1489 26.7411 27.3333; 0.0983333 0.0983333 0.0983333 0.0983333 0.0983333 0.0983333 0.0983333; 0.9 0.9 0.9 0.9 0.9 0.9 0.9]

[23.78 24.3722 24.9644 25.5567 26.1489 26.7411 27.3333; 0.196667 0.196667 0.196667 0.196667 0.196667 0.196667 0.196667; 0.9 0.9 0.9 0.9 0.9 0.9 0.9]

[23.78 24.3722 24.9644 25.5567 26.1489 26.7411 27.3333; 0.295 0.295 0.295 0.295 0.295 0.295 0.295; 0.9 0.9 0.9 0.9 0.9 0.9 0.9]

[23.78 24.3722 24.9644 25.5567 26.1489 26.7411 27.3333; 0.393333 0.393333 0.393333 0.393333 0.393333 0.393333 0.393333; 0.9 0.9 0.9 0.9 0.9 0.9 0.9]

[23.78 24.3722 24.9644 25.5567 26.1489 26.7411 27.3333; 0.491667 0.491667 0.491667 0.491667 0.491667 0.491667 0.491667; 0.9 0.9 0.9 0.9 0.9 0.9 0.9]

[23.78 24.3722 24.9644 25.5567 26.1489 26.7411 27.3333; 0.59 0.59 0.59 0.59 0.59 0.59 0.59; 0.9 0.9 0.9 0.9 0.9 0.9 0.9], [7.45875e6 34449.6 35010.5 36623.6 37838.4 37848.1 38496.0; 6.63193e6 34314.3 35091.4 36717.7 37925.4 37926.0 38565.7; 5.90587e6 34192.4 35176.1 36813.5 38013.4 38004.5 38635.8; 5.2669e6 34086.5 35267.1 36913.6 38104.9 38086.2 38708.9; 4.70345e6 34014.9 35383.2 37036.8 38218.9 38190.1 38803.9; 4.20565e6 33965.9 35512.1 37171.0 38343.0 38303.7 38908.6; 3.76509e6 33937.5 35652.1 37314.2 38475.5 38425.3 39021.1]

[7.45875e6 35057.3 32644.4 33417.9 34178.4 34767.9 35220.1; 6.63193e6 34819.1 32668.5 33472.4 34234.9 34821.0 35269.0; 5.90587e6 34594.5 32696.4 33528.6 34292.5 34874.9 35318.3; 5.2669e6 34394.8 32739.5 33598.1 34362.6 34940.8 35379.5; 4.70345e6 34221.2 32798.9 33681.9 34446.2 35020.0 35453.8; 4.20565e6 34070.3 32871.2 33776.6 34540.0 35109.0 35537.7; 3.76509e6 33940.2 32954.7 33880.5 34642.2 35206.1 35629.4]

[7.45875e6 36828.2 32392.7 32365.9 32694.8 33013.9 33280.6; 6.63193e6 36485.9 32359.4 32380.6 32720.8 33042.2 33308.5; 5.90587e6 36158.7 32331.3 32398.4 32749.2 33072.6 33338.2; 5.2669e6 35856.7 32318.6 32429.4 32790.0 33115.0 33379.9; 4.70345e6 35579.8 32320.9 32473.5 32843.2 33169.5 33433.4; 4.20565e6 35325.7 32336.3 32528.6 32906.6 33233.7 33496.4; 3.76509e6 35092.7 32362.7 32592.8 32978.3 33306.0 33567.3]

[7.45875e6 39772.1 33399.1 32609.4 32527.9 32590.1 32680.8; 6.63193e6 39323.2 33306.8 32582.7 32521.8 32592.2 32686.4; 5.90587e6 38888.8 33218.6 32558.1 32517.1 32595.2 32692.7; 5.2669e6 38482.2 33148.3 32549.2 32527.3 32612.8 32713.5; 4.70345e6 38100.9 33093.2 32553.4 32549.9 32642.4 32746.0; 4.20565e6 37742.5 33051.0 32568.5 32582.6 32681.8 32788.2; 3.76509e6 37405.3 33020.1 32592.8 32623.7 32729.2 32838.1]

[7.45875e6 43898.4 35670.5 34153.7 33681.9 33500.2 33423.9; 6.63193e6 43333.4 35509.9 34076.6 33634.8 33467.0 33398.3; 5.90587e6 42793.1 35363.8 34011.8 33599.3 33445.1 33383.6; 5.2669e6 42280.9 35235.6 33962.7 33578.7 33437.8 33383.4; 4.70345e6 41794.0 35122.5 33926.8 33570.5 33442.4 33395.0; 4.20565e6 41330.2 35022.5 33901.8 33572.5 33521.6 33416.1; 3.76509e6 40887.8 34933.7 33886.0 33582.9 33479.4 33445.1]

[7.45875e6 49206.2 39203.3 36993.6 36150.7 36939.7 35502.8; 6.63193e6 48527.7 38977.8 36869.5 36066.2 35672.7 35449.5; 5.90587e6 47880.5 38773.3 36764.4 35999.7 35625.7 35413.8; 5.2669e6 47261.5 38586.7 36675.0 35948.3 35593.4 35392.6; 4.70345e6 46668.1 38415.4 36598.7 35909.3 35573.0 35383.1; 4.20565e6 46097.9 38257.1 36533.4 35880.4 35562.5 35383.3; 3.76509e6 45549.2 38110.0 36477.3 35859.9 35560.0 35391.2]

[7.45875e6 55700.9 44000.6 41130.9 39935.2 39302.1 38917.3; 6.63193e6 54914.4 43716.3 40966.2 39819.6 39212.3 38842.9; 5.90587e6 54159.5 43453.1 40820.5 39722.2 39140.2 38786.1; 5.2669e6 53432.8 43207.8 40690.6 39639.8 39082.7 38743.7; 4.70345e6 52731.7 42977.8 40573.8 39569.8 39037.3 38713.2; 4.20565e6 52054.1 42760.8 40468.0 39509.9 39001.7 38692.2; 3.76509e6 51398.1 42555.1 40371.3 39458.5 38974.1 38679.1]) 
