([30.2857, 4.0, 0.821429], 83981.34280092231, [26.0 27.4286 28.8571 30.2857 31.7143 33.1429 34.5714 36.0; 4.0 4.0 4.0 4.0 4.0 4.0 4.0 4.0; 0.75 0.75 0.75 0.75 0.75 0.75 0.75 0.75]

[26.0 27.4286 28.8571 30.2857 31.7143 33.1429 34.5714 36.0; 5.14286 5.14286 5.14286 5.14286 5.14286 5.14286 5.14286 5.14286; 0.75 0.75 0.75 0.75 0.75 0.75 0.75 0.75]

[26.0 27.4286 28.8571 30.2857 31.7143 33.1429 34.5714 36.0; 6.28571 6.28571 6.28571 6.28571 6.28571 6.28571 6.28571 6.28571; 0.75 0.75 0.75 0.75 0.75 0.75 0.75 0.75]

[26.0 27.4286 28.8571 30.2857 31.7143 33.1429 34.5714 36.0; 7.42857 7.42857 7.42857 7.42857 7.42857 7.42857 7.42857 7.42857; 0.75 0.75 0.75 0.75 0.75 0.75 0.75 0.75]

[26.0 27.4286 28.8571 30.2857 31.7143 33.1429 34.5714 36.0; 8.57143 8.57143 8.57143 8.57143 8.57143 8.57143 8.57143 8.57143; 0.75 0.75 0.75 0.75 0.75 0.75 0.75 0.75]

[26.0 27.4286 28.8571 30.2857 31.7143 33.1429 34.5714 36.0; 9.71429 9.71429 9.71429 9.71429 9.71429 9.71429 9.71429 9.71429; 0.75 0.75 0.75 0.75 0.75 0.75 0.75 0.75]

[26.0 27.4286 28.8571 30.2857 31.7143 33.1429 34.5714 36.0; 10.8571 10.8571 10.8571 10.8571 10.8571 10.8571 10.8571 10.8571; 0.75 0.75 0.75 0.75 0.75 0.75 0.75 0.75]

[26.0 27.4286 28.8571 30.2857 31.7143 33.1429 34.5714 36.0; 12.0 12.0 12.0 12.0 12.0 12.0 12.0 12.0; 0.75 0.75 0.75 0.75 0.75 0.75 0.75 0.75]

[26.0 27.4286 28.8571 30.2857 31.7143 33.1429 34.5714 36.0; 4.0 4.0 4.0 4.0 4.0 4.0 4.0 4.0; 0.785714 0.785714 0.785714 0.785714 0.785714 0.785714 0.785714 0.785714]

[26.0 27.4286 28.8571 30.2857 31.7143 33.1429 34.5714 36.0; 5.14286 5.14286 5.14286 5.14286 5.14286 5.14286 5.14286 5.14286; 0.785714 0.785714 0.785714 0.785714 0.785714 0.785714 0.785714 0.785714]

[26.0 27.4286 28.8571 30.2857 31.7143 33.1429 34.5714 36.0; 6.28571 6.28571 6.28571 6.28571 6.28571 6.28571 6.28571 6.28571; 0.785714 0.785714 0.785714 0.785714 0.785714 0.785714 0.785714 0.785714]

[26.0 27.4286 28.8571 30.2857 31.7143 33.1429 34.5714 36.0; 7.42857 7.42857 7.42857 7.42857 7.42857 7.42857 7.42857 7.42857; 0.785714 0.785714 0.785714 0.785714 0.785714 0.785714 0.785714 0.785714]

[26.0 27.4286 28.8571 30.2857 31.7143 33.1429 34.5714 36.0; 8.57143 8.57143 8.57143 8.57143 8.57143 8.57143 8.57143 8.57143; 0.785714 0.785714 0.785714 0.785714 0.785714 0.785714 0.785714 0.785714]

[26.0 27.4286 28.8571 30.2857 31.7143 33.1429 34.5714 36.0; 9.71429 9.71429 9.71429 9.71429 9.71429 9.71429 9.71429 9.71429; 0.785714 0.785714 0.785714 0.785714 0.785714 0.785714 0.785714 0.785714]

[26.0 27.4286 28.8571 30.2857 31.7143 33.1429 34.5714 36.0; 10.8571 10.8571 10.8571 10.8571 10.8571 10.8571 10.8571 10.8571; 0.785714 0.785714 0.785714 0.785714 0.785714 0.785714 0.785714 0.785714]

[26.0 27.4286 28.8571 30.2857 31.7143 33.1429 34.5714 36.0; 12.0 12.0 12.0 12.0 12.0 12.0 12.0 12.0; 0.785714 0.785714 0.785714 0.785714 0.785714 0.785714 0.785714 0.785714]

[26.0 27.4286 28.8571 30.2857 31.7143 33.1429 34.5714 36.0; 4.0 4.0 4.0 4.0 4.0 4.0 4.0 4.0; 0.821429 0.821429 0.821429 0.821429 0.821429 0.821429 0.821429 0.821429]

[26.0 27.4286 28.8571 30.2857 31.7143 33.1429 34.5714 36.0; 5.14286 5.14286 5.14286 5.14286 5.14286 5.14286 5.14286 5.14286; 0.821429 0.821429 0.821429 0.821429 0.821429 0.821429 0.821429 0.821429]

[26.0 27.4286 28.8571 30.2857 31.7143 33.1429 34.5714 36.0; 6.28571 6.28571 6.28571 6.28571 6.28571 6.28571 6.28571 6.28571; 0.821429 0.821429 0.821429 0.821429 0.821429 0.821429 0.821429 0.821429]

[26.0 27.4286 28.8571 30.2857 31.7143 33.1429 34.5714 36.0; 7.42857 7.42857 7.42857 7.42857 7.42857 7.42857 7.42857 7.42857; 0.821429 0.821429 0.821429 0.821429 0.821429 0.821429 0.821429 0.821429]

[26.0 27.4286 28.8571 30.2857 31.7143 33.1429 34.5714 36.0; 8.57143 8.57143 8.57143 8.57143 8.57143 8.57143 8.57143 8.57143; 0.821429 0.821429 0.821429 0.821429 0.821429 0.821429 0.821429 0.821429]

[26.0 27.4286 28.8571 30.2857 31.7143 33.1429 34.5714 36.0; 9.71429 9.71429 9.71429 9.71429 9.71429 9.71429 9.71429 9.71429; 0.821429 0.821429 0.821429 0.821429 0.821429 0.821429 0.821429 0.821429]

[26.0 27.4286 28.8571 30.2857 31.7143 33.1429 34.5714 36.0; 10.8571 10.8571 10.8571 10.8571 10.8571 10.8571 10.8571 10.8571; 0.821429 0.821429 0.821429 0.821429 0.821429 0.821429 0.821429 0.821429]

[26.0 27.4286 28.8571 30.2857 31.7143 33.1429 34.5714 36.0; 12.0 12.0 12.0 12.0 12.0 12.0 12.0 12.0; 0.821429 0.821429 0.821429 0.821429 0.821429 0.821429 0.821429 0.821429]

[26.0 27.4286 28.8571 30.2857 31.7143 33.1429 34.5714 36.0; 4.0 4.0 4.0 4.0 4.0 4.0 4.0 4.0; 0.857143 0.857143 0.857143 0.857143 0.857143 0.857143 0.857143 0.857143]

[26.0 27.4286 28.8571 30.2857 31.7143 33.1429 34.5714 36.0; 5.14286 5.14286 5.14286 5.14286 5.14286 5.14286 5.14286 5.14286; 0.857143 0.857143 0.857143 0.857143 0.857143 0.857143 0.857143 0.857143]

[26.0 27.4286 28.8571 30.2857 31.7143 33.1429 34.5714 36.0; 6.28571 6.28571 6.28571 6.28571 6.28571 6.28571 6.28571 6.28571; 0.857143 0.857143 0.857143 0.857143 0.857143 0.857143 0.857143 0.857143]

[26.0 27.4286 28.8571 30.2857 31.7143 33.1429 34.5714 36.0; 7.42857 7.42857 7.42857 7.42857 7.42857 7.42857 7.42857 7.42857; 0.857143 0.857143 0.857143 0.857143 0.857143 0.857143 0.857143 0.857143]

[26.0 27.4286 28.8571 30.2857 31.7143 33.1429 34.5714 36.0; 8.57143 8.57143 8.57143 8.57143 8.57143 8.57143 8.57143 8.57143; 0.857143 0.857143 0.857143 0.857143 0.857143 0.857143 0.857143 0.857143]

[26.0 27.4286 28.8571 30.2857 31.7143 33.1429 34.5714 36.0; 9.71429 9.71429 9.71429 9.71429 9.71429 9.71429 9.71429 9.71429; 0.857143 0.857143 0.857143 0.857143 0.857143 0.857143 0.857143 0.857143]

[26.0 27.4286 28.8571 30.2857 31.7143 33.1429 34.5714 36.0; 10.8571 10.8571 10.8571 10.8571 10.8571 10.8571 10.8571 10.8571; 0.857143 0.857143 0.857143 0.857143 0.857143 0.857143 0.857143 0.857143]

[26.0 27.4286 28.8571 30.2857 31.7143 33.1429 34.5714 36.0; 12.0 12.0 12.0 12.0 12.0 12.0 12.0 12.0; 0.857143 0.857143 0.857143 0.857143 0.857143 0.857143 0.857143 0.857143]

[26.0 27.4286 28.8571 30.2857 31.7143 33.1429 34.5714 36.0; 4.0 4.0 4.0 4.0 4.0 4.0 4.0 4.0; 0.892857 0.892857 0.892857 0.892857 0.892857 0.892857 0.892857 0.892857]

[26.0 27.4286 28.8571 30.2857 31.7143 33.1429 34.5714 36.0; 5.14286 5.14286 5.14286 5.14286 5.14286 5.14286 5.14286 5.14286; 0.892857 0.892857 0.892857 0.892857 0.892857 0.892857 0.892857 0.892857]

[26.0 27.4286 28.8571 30.2857 31.7143 33.1429 34.5714 36.0; 6.28571 6.28571 6.28571 6.28571 6.28571 6.28571 6.28571 6.28571; 0.892857 0.892857 0.892857 0.892857 0.892857 0.892857 0.892857 0.892857]

[26.0 27.4286 28.8571 30.2857 31.7143 33.1429 34.5714 36.0; 7.42857 7.42857 7.42857 7.42857 7.42857 7.42857 7.42857 7.42857; 0.892857 0.892857 0.892857 0.892857 0.892857 0.892857 0.892857 0.892857]

[26.0 27.4286 28.8571 30.2857 31.7143 33.1429 34.5714 36.0; 8.57143 8.57143 8.57143 8.57143 8.57143 8.57143 8.57143 8.57143; 0.892857 0.892857 0.892857 0.892857 0.892857 0.892857 0.892857 0.892857]

[26.0 27.4286 28.8571 30.2857 31.7143 33.1429 34.5714 36.0; 9.71429 9.71429 9.71429 9.71429 9.71429 9.71429 9.71429 9.71429; 0.892857 0.892857 0.892857 0.892857 0.892857 0.892857 0.892857 0.892857]

[26.0 27.4286 28.8571 30.2857 31.7143 33.1429 34.5714 36.0; 10.8571 10.8571 10.8571 10.8571 10.8571 10.8571 10.8571 10.8571; 0.892857 0.892857 0.892857 0.892857 0.892857 0.892857 0.892857 0.892857]

[26.0 27.4286 28.8571 30.2857 31.7143 33.1429 34.5714 36.0; 12.0 12.0 12.0 12.0 12.0 12.0 12.0 12.0; 0.892857 0.892857 0.892857 0.892857 0.892857 0.892857 0.892857 0.892857]

[26.0 27.4286 28.8571 30.2857 31.7143 33.1429 34.5714 36.0; 4.0 4.0 4.0 4.0 4.0 4.0 4.0 4.0; 0.928571 0.928571 0.928571 0.928571 0.928571 0.928571 0.928571 0.928571]

[26.0 27.4286 28.8571 30.2857 31.7143 33.1429 34.5714 36.0; 5.14286 5.14286 5.14286 5.14286 5.14286 5.14286 5.14286 5.14286; 0.928571 0.928571 0.928571 0.928571 0.928571 0.928571 0.928571 0.928571]

[26.0 27.4286 28.8571 30.2857 31.7143 33.1429 34.5714 36.0; 6.28571 6.28571 6.28571 6.28571 6.28571 6.28571 6.28571 6.28571; 0.928571 0.928571 0.928571 0.928571 0.928571 0.928571 0.928571 0.928571]

[26.0 27.4286 28.8571 30.2857 31.7143 33.1429 34.5714 36.0; 7.42857 7.42857 7.42857 7.42857 7.42857 7.42857 7.42857 7.42857; 0.928571 0.928571 0.928571 0.928571 0.928571 0.928571 0.928571 0.928571]

[26.0 27.4286 28.8571 30.2857 31.7143 33.1429 34.5714 36.0; 8.57143 8.57143 8.57143 8.57143 8.57143 8.57143 8.57143 8.57143; 0.928571 0.928571 0.928571 0.928571 0.928571 0.928571 0.928571 0.928571]

[26.0 27.4286 28.8571 30.2857 31.7143 33.1429 34.5714 36.0; 9.71429 9.71429 9.71429 9.71429 9.71429 9.71429 9.71429 9.71429; 0.928571 0.928571 0.928571 0.928571 0.928571 0.928571 0.928571 0.928571]

[26.0 27.4286 28.8571 30.2857 31.7143 33.1429 34.5714 36.0; 10.8571 10.8571 10.8571 10.8571 10.8571 10.8571 10.8571 10.8571; 0.928571 0.928571 0.928571 0.928571 0.928571 0.928571 0.928571 0.928571]

[26.0 27.4286 28.8571 30.2857 31.7143 33.1429 34.5714 36.0; 12.0 12.0 12.0 12.0 12.0 12.0 12.0 12.0; 0.928571 0.928571 0.928571 0.928571 0.928571 0.928571 0.928571 0.928571]

[26.0 27.4286 28.8571 30.2857 31.7143 33.1429 34.5714 36.0; 4.0 4.0 4.0 4.0 4.0 4.0 4.0 4.0; 0.964286 0.964286 0.964286 0.964286 0.964286 0.964286 0.964286 0.964286]

[26.0 27.4286 28.8571 30.2857 31.7143 33.1429 34.5714 36.0; 5.14286 5.14286 5.14286 5.14286 5.14286 5.14286 5.14286 5.14286; 0.964286 0.964286 0.964286 0.964286 0.964286 0.964286 0.964286 0.964286]

[26.0 27.4286 28.8571 30.2857 31.7143 33.1429 34.5714 36.0; 6.28571 6.28571 6.28571 6.28571 6.28571 6.28571 6.28571 6.28571; 0.964286 0.964286 0.964286 0.964286 0.964286 0.964286 0.964286 0.964286]

[26.0 27.4286 28.8571 30.2857 31.7143 33.1429 34.5714 36.0; 7.42857 7.42857 7.42857 7.42857 7.42857 7.42857 7.42857 7.42857; 0.964286 0.964286 0.964286 0.964286 0.964286 0.964286 0.964286 0.964286]

[26.0 27.4286 28.8571 30.2857 31.7143 33.1429 34.5714 36.0; 8.57143 8.57143 8.57143 8.57143 8.57143 8.57143 8.57143 8.57143; 0.964286 0.964286 0.964286 0.964286 0.964286 0.964286 0.964286 0.964286]

[26.0 27.4286 28.8571 30.2857 31.7143 33.1429 34.5714 36.0; 9.71429 9.71429 9.71429 9.71429 9.71429 9.71429 9.71429 9.71429; 0.964286 0.964286 0.964286 0.964286 0.964286 0.964286 0.964286 0.964286]

[26.0 27.4286 28.8571 30.2857 31.7143 33.1429 34.5714 36.0; 10.8571 10.8571 10.8571 10.8571 10.8571 10.8571 10.8571 10.8571; 0.964286 0.964286 0.964286 0.964286 0.964286 0.964286 0.964286 0.964286]

[26.0 27.4286 28.8571 30.2857 31.7143 33.1429 34.5714 36.0; 12.0 12.0 12.0 12.0 12.0 12.0 12.0 12.0; 0.964286 0.964286 0.964286 0.964286 0.964286 0.964286 0.964286 0.964286]

[26.0 27.4286 28.8571 30.2857 31.7143 33.1429 34.5714 36.0; 4.0 4.0 4.0 4.0 4.0 4.0 4.0 4.0; 1.0 1.0 1.0 1.0 1.0 1.0 1.0 1.0]

[26.0 27.4286 28.8571 30.2857 31.7143 33.1429 34.5714 36.0; 5.14286 5.14286 5.14286 5.14286 5.14286 5.14286 5.14286 5.14286; 1.0 1.0 1.0 1.0 1.0 1.0 1.0 1.0]

[26.0 27.4286 28.8571 30.2857 31.7143 33.1429 34.5714 36.0; 6.28571 6.28571 6.28571 6.28571 6.28571 6.28571 6.28571 6.28571; 1.0 1.0 1.0 1.0 1.0 1.0 1.0 1.0]

[26.0 27.4286 28.8571 30.2857 31.7143 33.1429 34.5714 36.0; 7.42857 7.42857 7.42857 7.42857 7.42857 7.42857 7.42857 7.42857; 1.0 1.0 1.0 1.0 1.0 1.0 1.0 1.0]

[26.0 27.4286 28.8571 30.2857 31.7143 33.1429 34.5714 36.0; 8.57143 8.57143 8.57143 8.57143 8.57143 8.57143 8.57143 8.57143; 1.0 1.0 1.0 1.0 1.0 1.0 1.0 1.0]

[26.0 27.4286 28.8571 30.2857 31.7143 33.1429 34.5714 36.0; 9.71429 9.71429 9.71429 9.71429 9.71429 9.71429 9.71429 9.71429; 1.0 1.0 1.0 1.0 1.0 1.0 1.0 1.0]

[26.0 27.4286 28.8571 30.2857 31.7143 33.1429 34.5714 36.0; 10.8571 10.8571 10.8571 10.8571 10.8571 10.8571 10.8571 10.8571; 1.0 1.0 1.0 1.0 1.0 1.0 1.0 1.0]

[26.0 27.4286 28.8571 30.2857 31.7143 33.1429 34.5714 36.0; 12.0 12.0 12.0 12.0 12.0 12.0 12.0 12.0; 1.0 1.0 1.0 1.0 1.0 1.0 1.0 1.0], [1.27089e5 1.27245e5 1.27345e5 1.27415e5 1.27466e5 1.27505e5 1.27536e5 1.27561e5; 1.1934e5 1.19485e5 1.19577e5 1.19642e5 1.19689e5 1.19497e5 1.19754e5 1.19777e5; 117786.0 1.17919e5 1.18003e5 1.18062e5 1.18106e5 1.18139e5 1.18165e5 1.18186e5; 1.17075e5 1.17196e5 1.17273e5 1.17326e5 1.17366e5 1.17396e5 1.17419e5 1.17439e5; 1.18453e5 1.18564e5 1.18671e5 1.18694e5 1.18217e5 1.33214e5 1.18768e5 1.36249e5; 1.31399e5 1.32224e5 132289.0 131499.0 1.31962e5 1.31988e5 1.34006e5 1.31995e5; 1.50984e5 1.51077e5 1.5095e5 1.45686e5 1.51209e5 1.4574e5 1.44885e5 2.54767e5; 185429.0 1.85515e5 1.85569e5 1.85607e5 1.85635e5 179675.0 1.76092e5 1.76105e5]

[1.16056e5 1.16167e5 1.16239e5 1.16288e5 1.16324e5 1.16352e5 1.16374e5 1.16392e5; 1.05554e5 1.05657e5 1.05722e5 105768.0 1.05802e5 1.05827e5 1.05848e5 105864.0; 96656.0 1.00449e5 1.00509e5 1.00551e5 1.00581e5 1.00605e5 1.00623e5 1.00163e5; 95456.2 95540.4 95594.4 95631.9 95644.8 95680.6 95697.2 98249.0; 104122.0 1.03982e5 1.04044e5 1.04281e5 1.04546e5 101321.0 1.04341e5 1.03261e5; 1.20286e5 121078.0 1.21123e5 1.21155e5 121178.0 1.31997e5 1.21963e5 1.21802e5; 1.47904e5 1.48691e5 1.48734e5 1.48756e5 1.58091e5 1.48801e5 1.48813e5 1.55846e5; 2.01854e5 201915.0 2.01928e5 2.01981e5 2.01853e5 2.02013e5 2.02025e5 193713.0]

[1.38434e5 1.49978e5 1.50025e5 1.50058e5 1.50083e5 1.50101e5 150116.0 150128.0; 1.16558e5 1.29214e5 1.29257e5 1.29063e5 1.29309e5 1.29326e5 1.34941e5 1.2935e5; 93487.2 93545.8 93584.0 93610.6 93630.2 99247.0 93657.1 93666.7; 83981.3 84035.7 85100.6 85037.2 85191.3 86283.7 86286.9 86594.8; 93849.1 93898.3 93929.8 93770.8 1.09592e5 93980.2 93810.4 1.217e5; 1.12095e5 1.12142e5 1.12172e5 1.12193e5 1.1221e5 1.18583e5 1.13655e5 1.13663e5; 1.46234e5 1.45986e5 1.47229e5 1.47986e5 1.40624e5 1.46048e5 1.48404e5 1.49024e5; 211265.0 2.11305e5 2.11331e5 211349.0 2.11362e5 2.11372e5 211040.0 2.13212e5]

[1.59071e5 1.59116e5 1.59145e5 1.59165e5 1.5918e5 1.59191e5 1.592e5 1.59207e5; 1.64195e5 1.39779e5 1.39804e5 1.39822e5 1.1458e5 114366.0 114598.0 1.15158e5; 1.5214e5 1.25063e5 1.25086e5 1.1819e5 1.182e5 1.18209e5 1.18216e5 118222.0; 95850.7 96924.2 90994.4 93424.2 91279.5 91028.1 93915.0 93188.2; 1.01128e5 96230.8 96187.7 96200.9 98363.5 98371.0 97394.0 95868.9; 1.13401e5 1.1343e5 113448.0 1.13461e5 1.1347e5 1.13477e5 1.13439e5 1.13488e5; 1.43712e5 1.43728e5 1.43745e5 1.43757e5 1.43765e5 1.43772e5 1.3851e5 1.37935e5; 2.0702e5 2.11341e5 2.07068e5 2.07111e5 2.07502e5 2.0887e5 2.20122e5 2.20142e5]

[1.71382e5 1.71405e5 1.7142e5 1.71395e5 1.71438e5 1.71443e5 1.71448e5 1.71417e5; 1.80704e5 1.56058e5 1.56071e5 1.56007e5 1.56372e5 1.75289e5 1.63006e5 1.63659e5; 1.67183e5 1.6719e5 1.66978e5 1.67209e5 167215.0 1.67219e5 1.67538e5 1.67226e5; 1.23378e5 1.25733e5 1.10333e5 1.25716e5 1.3073e5 1.30734e5 1.30661e5 130664.0; 90416.0 90430.7 90440.1 1.05856e5 107170.0 1.03015e5 105868.0 1.10381e5; 129024.0 1.33751e5 1.33933e5 1.3125e5 1.30667e5 1.31344e5 1.33742e5 1.33779e5; 1.95289e5 1.953e5 195308.0 1.96377e5 2.25815e5 2.25818e5 2.2582e5 2.25822e5; 234949.0 2.34951e5 2.34921e5 2.37033e5 2.65488e5 2.65491e5 2.65391e5 2.64779e5]

[135988.0 1.35997e5 1.36002e5 1.36006e5 136009.0 1.36011e5 1.37565e5 1.37566e5; 1.81082e5 202808.0 2.00853e5 203208.0 2.01251e5 2.15694e5 2.03813e5 2.00519e5; 1.26837e5 1.26844e5 1.26848e5 1.26851e5 1.28383e5 1.26855e5 1.26857e5 1.31004e5; 1.02122e5 1.02165e5 102131.0 1.02133e5 1.02135e5 1.02137e5 1.01765e5 1.01766e5; 90120.7 94486.3 96455.9 97359.8 97361.5 96943.4 96944.4 95123.6; 1.15926e5 118129.0 1.18132e5 1.18135e5 1.18136e5 1.15489e5 1.12786e5 1.16059e5; 1.62075e5 1.59263e5 1.59246e5 1.59265e5 1.59915e5 159974.0 1.59995e5 1.59996e5; 2.08394e5 2.10076e5 2.06849e5 2.16207e5 2.16209e5 2.22655e5 2.22895e5 2.22916e5]

[1.40664e5 1.40666e5 1.40668e5 1.40668e5 1.40669e5 1.4067e5 140670.0 1.4067e5; 1.1519e5 1.15144e5 115145.0 1.15303e5 115146.0 1.15146e5 1.17062e5 1.17201e5; 1.32772e5 1.32773e5 132774.0 1.32774e5 1.32775e5 1.32775e5 1.32775e5 1.32776e5; 1.01843e5 1.01844e5 1.01844e5 1.01844e5 1.01844e5 1.01844e5 1.01817e5 1.01845e5; 96884.0 96884.0 96884.0 95911.1 96884.0 96884.0 96884.0 96884.0; 1.1488e5 1.16791e5 1.16791e5 1.16791e5 1.16791e5 1.16791e5 1.16791e5 1.38007e5; 142431.0 1.50703e5 1.52047e5 1.52047e5 1.52047e5 1.52047e5 1.52047e5 1.52048e5; 1.8348e5 1.84822e5 1.84992e5 184823.0 1.84823e5 1.84824e5 1.8949e5 1.8949e5]

[3.12582e6 3.12582e6 3.12582e6 3.12582e6 3.12582e6 3.12582e6 3.12582e6 3.12582e6; 2.76959e6 2.76959e6 2.76959e6 2.76959e6 2.76959e6 2.76959e6 2.76959e6 2.76959e6; 2.57599e6 2.57599e6 2.57599e6 2.57599e6 2.57599e6 2.57599e6 2.57599e6 2.57599e6; 2.18254e6 2.18254e6 2.18254e6 2.18254e6 2.18254e6 2.18254e6 2.18254e6 2.18254e6; 2.21169e6 2.21169e6 2.21169e6 2.21169e6 2.21169e6 2.21169e6 2.21169e6 2.21169e6; 2.06731e6 2.06731e6 2.06731e6 2.06731e6 2.06731e6 2.06731e6 2.06731e6 2.06731e6; 1.67976e6 1.67976e6 1.67976e6 1.67976e6 1.67976e6 1.67976e6 1.67976e6 1.67976e6; 1.3905e6 1.3905e6 1.3905e6 1.46396e6 1.46396e6 1.46396e6 1.46396e6 1.46396e6]) 
