([26.0, 0.333333, 0.833333], 32618.353331869755, [20.0 22.0 24.0 26.0 28.0 30.0 32.0; 0.0 0.0 0.0 0.0 0.0 0.0 0.0; 0.5 0.5 0.5 0.5 0.5 0.5 0.5]

[20.0 22.0 24.0 26.0 28.0 30.0 32.0; 0.333333 0.333333 0.333333 0.333333 0.333333 0.333333 0.333333; 0.5 0.5 0.5 0.5 0.5 0.5 0.5]

[20.0 22.0 24.0 26.0 28.0 30.0 32.0; 0.666667 0.666667 0.666667 0.666667 0.666667 0.666667 0.666667; 0.5 0.5 0.5 0.5 0.5 0.5 0.5]

[20.0 22.0 24.0 26.0 28.0 30.0 32.0; 1.0 1.0 1.0 1.0 1.0 1.0 1.0; 0.5 0.5 0.5 0.5 0.5 0.5 0.5]

[20.0 22.0 24.0 26.0 28.0 30.0 32.0; 1.33333 1.33333 1.33333 1.33333 1.33333 1.33333 1.33333; 0.5 0.5 0.5 0.5 0.5 0.5 0.5]

[20.0 22.0 24.0 26.0 28.0 30.0 32.0; 1.66667 1.66667 1.66667 1.66667 1.66667 1.66667 1.66667; 0.5 0.5 0.5 0.5 0.5 0.5 0.5]

[20.0 22.0 24.0 26.0 28.0 30.0 32.0; 2.0 2.0 2.0 2.0 2.0 2.0 2.0; 0.5 0.5 0.5 0.5 0.5 0.5 0.5]

[20.0 22.0 24.0 26.0 28.0 30.0 32.0; 0.0 0.0 0.0 0.0 0.0 0.0 0.0; 0.583333 0.583333 0.583333 0.583333 0.583333 0.583333 0.583333]

[20.0 22.0 24.0 26.0 28.0 30.0 32.0; 0.333333 0.333333 0.333333 0.333333 0.333333 0.333333 0.333333; 0.583333 0.583333 0.583333 0.583333 0.583333 0.583333 0.583333]

[20.0 22.0 24.0 26.0 28.0 30.0 32.0; 0.666667 0.666667 0.666667 0.666667 0.666667 0.666667 0.666667; 0.583333 0.583333 0.583333 0.583333 0.583333 0.583333 0.583333]

[20.0 22.0 24.0 26.0 28.0 30.0 32.0; 1.0 1.0 1.0 1.0 1.0 1.0 1.0; 0.583333 0.583333 0.583333 0.583333 0.583333 0.583333 0.583333]

[20.0 22.0 24.0 26.0 28.0 30.0 32.0; 1.33333 1.33333 1.33333 1.33333 1.33333 1.33333 1.33333; 0.583333 0.583333 0.583333 0.583333 0.583333 0.583333 0.583333]

[20.0 22.0 24.0 26.0 28.0 30.0 32.0; 1.66667 1.66667 1.66667 1.66667 1.66667 1.66667 1.66667; 0.583333 0.583333 0.583333 0.583333 0.583333 0.583333 0.583333]

[20.0 22.0 24.0 26.0 28.0 30.0 32.0; 2.0 2.0 2.0 2.0 2.0 2.0 2.0; 0.583333 0.583333 0.583333 0.583333 0.583333 0.583333 0.583333]

[20.0 22.0 24.0 26.0 28.0 30.0 32.0; 0.0 0.0 0.0 0.0 0.0 0.0 0.0; 0.666667 0.666667 0.666667 0.666667 0.666667 0.666667 0.666667]

[20.0 22.0 24.0 26.0 28.0 30.0 32.0; 0.333333 0.333333 0.333333 0.333333 0.333333 0.333333 0.333333; 0.666667 0.666667 0.666667 0.666667 0.666667 0.666667 0.666667]

[20.0 22.0 24.0 26.0 28.0 30.0 32.0; 0.666667 0.666667 0.666667 0.666667 0.666667 0.666667 0.666667; 0.666667 0.666667 0.666667 0.666667 0.666667 0.666667 0.666667]

[20.0 22.0 24.0 26.0 28.0 30.0 32.0; 1.0 1.0 1.0 1.0 1.0 1.0 1.0; 0.666667 0.666667 0.666667 0.666667 0.666667 0.666667 0.666667]

[20.0 22.0 24.0 26.0 28.0 30.0 32.0; 1.33333 1.33333 1.33333 1.33333 1.33333 1.33333 1.33333; 0.666667 0.666667 0.666667 0.666667 0.666667 0.666667 0.666667]

[20.0 22.0 24.0 26.0 28.0 30.0 32.0; 1.66667 1.66667 1.66667 1.66667 1.66667 1.66667 1.66667; 0.666667 0.666667 0.666667 0.666667 0.666667 0.666667 0.666667]

[20.0 22.0 24.0 26.0 28.0 30.0 32.0; 2.0 2.0 2.0 2.0 2.0 2.0 2.0; 0.666667 0.666667 0.666667 0.666667 0.666667 0.666667 0.666667]

[20.0 22.0 24.0 26.0 28.0 30.0 32.0; 0.0 0.0 0.0 0.0 0.0 0.0 0.0; 0.75 0.75 0.75 0.75 0.75 0.75 0.75]

[20.0 22.0 24.0 26.0 28.0 30.0 32.0; 0.333333 0.333333 0.333333 0.333333 0.333333 0.333333 0.333333; 0.75 0.75 0.75 0.75 0.75 0.75 0.75]

[20.0 22.0 24.0 26.0 28.0 30.0 32.0; 0.666667 0.666667 0.666667 0.666667 0.666667 0.666667 0.666667; 0.75 0.75 0.75 0.75 0.75 0.75 0.75]

[20.0 22.0 24.0 26.0 28.0 30.0 32.0; 1.0 1.0 1.0 1.0 1.0 1.0 1.0; 0.75 0.75 0.75 0.75 0.75 0.75 0.75]

[20.0 22.0 24.0 26.0 28.0 30.0 32.0; 1.33333 1.33333 1.33333 1.33333 1.33333 1.33333 1.33333; 0.75 0.75 0.75 0.75 0.75 0.75 0.75]

[20.0 22.0 24.0 26.0 28.0 30.0 32.0; 1.66667 1.66667 1.66667 1.66667 1.66667 1.66667 1.66667; 0.75 0.75 0.75 0.75 0.75 0.75 0.75]

[20.0 22.0 24.0 26.0 28.0 30.0 32.0; 2.0 2.0 2.0 2.0 2.0 2.0 2.0; 0.75 0.75 0.75 0.75 0.75 0.75 0.75]

[20.0 22.0 24.0 26.0 28.0 30.0 32.0; 0.0 0.0 0.0 0.0 0.0 0.0 0.0; 0.833333 0.833333 0.833333 0.833333 0.833333 0.833333 0.833333]

[20.0 22.0 24.0 26.0 28.0 30.0 32.0; 0.333333 0.333333 0.333333 0.333333 0.333333 0.333333 0.333333; 0.833333 0.833333 0.833333 0.833333 0.833333 0.833333 0.833333]

[20.0 22.0 24.0 26.0 28.0 30.0 32.0; 0.666667 0.666667 0.666667 0.666667 0.666667 0.666667 0.666667; 0.833333 0.833333 0.833333 0.833333 0.833333 0.833333 0.833333]

[20.0 22.0 24.0 26.0 28.0 30.0 32.0; 1.0 1.0 1.0 1.0 1.0 1.0 1.0; 0.833333 0.833333 0.833333 0.833333 0.833333 0.833333 0.833333]

[20.0 22.0 24.0 26.0 28.0 30.0 32.0; 1.33333 1.33333 1.33333 1.33333 1.33333 1.33333 1.33333; 0.833333 0.833333 0.833333 0.833333 0.833333 0.833333 0.833333]

[20.0 22.0 24.0 26.0 28.0 30.0 32.0; 1.66667 1.66667 1.66667 1.66667 1.66667 1.66667 1.66667; 0.833333 0.833333 0.833333 0.833333 0.833333 0.833333 0.833333]

[20.0 22.0 24.0 26.0 28.0 30.0 32.0; 2.0 2.0 2.0 2.0 2.0 2.0 2.0; 0.833333 0.833333 0.833333 0.833333 0.833333 0.833333 0.833333]

[20.0 22.0 24.0 26.0 28.0 30.0 32.0; 0.0 0.0 0.0 0.0 0.0 0.0 0.0; 0.916667 0.916667 0.916667 0.916667 0.916667 0.916667 0.916667]

[20.0 22.0 24.0 26.0 28.0 30.0 32.0; 0.333333 0.333333 0.333333 0.333333 0.333333 0.333333 0.333333; 0.916667 0.916667 0.916667 0.916667 0.916667 0.916667 0.916667]

[20.0 22.0 24.0 26.0 28.0 30.0 32.0; 0.666667 0.666667 0.666667 0.666667 0.666667 0.666667 0.666667; 0.916667 0.916667 0.916667 0.916667 0.916667 0.916667 0.916667]

[20.0 22.0 24.0 26.0 28.0 30.0 32.0; 1.0 1.0 1.0 1.0 1.0 1.0 1.0; 0.916667 0.916667 0.916667 0.916667 0.916667 0.916667 0.916667]

[20.0 22.0 24.0 26.0 28.0 30.0 32.0; 1.33333 1.33333 1.33333 1.33333 1.33333 1.33333 1.33333; 0.916667 0.916667 0.916667 0.916667 0.916667 0.916667 0.916667]

[20.0 22.0 24.0 26.0 28.0 30.0 32.0; 1.66667 1.66667 1.66667 1.66667 1.66667 1.66667 1.66667; 0.916667 0.916667 0.916667 0.916667 0.916667 0.916667 0.916667]

[20.0 22.0 24.0 26.0 28.0 30.0 32.0; 2.0 2.0 2.0 2.0 2.0 2.0 2.0; 0.916667 0.916667 0.916667 0.916667 0.916667 0.916667 0.916667]

[20.0 22.0 24.0 26.0 28.0 30.0 32.0; 0.0 0.0 0.0 0.0 0.0 0.0 0.0; 1.0 1.0 1.0 1.0 1.0 1.0 1.0]

[20.0 22.0 24.0 26.0 28.0 30.0 32.0; 0.333333 0.333333 0.333333 0.333333 0.333333 0.333333 0.333333; 1.0 1.0 1.0 1.0 1.0 1.0 1.0]

[20.0 22.0 24.0 26.0 28.0 30.0 32.0; 0.666667 0.666667 0.666667 0.666667 0.666667 0.666667 0.666667; 1.0 1.0 1.0 1.0 1.0 1.0 1.0]

[20.0 22.0 24.0 26.0 28.0 30.0 32.0; 1.0 1.0 1.0 1.0 1.0 1.0 1.0; 1.0 1.0 1.0 1.0 1.0 1.0 1.0]

[20.0 22.0 24.0 26.0 28.0 30.0 32.0; 1.33333 1.33333 1.33333 1.33333 1.33333 1.33333 1.33333; 1.0 1.0 1.0 1.0 1.0 1.0 1.0]

[20.0 22.0 24.0 26.0 28.0 30.0 32.0; 1.66667 1.66667 1.66667 1.66667 1.66667 1.66667 1.66667; 1.0 1.0 1.0 1.0 1.0 1.0 1.0]

[20.0 22.0 24.0 26.0 28.0 30.0 32.0; 2.0 2.0 2.0 2.0 2.0 2.0 2.0; 1.0 1.0 1.0 1.0 1.0 1.0 1.0], [1.65049e7 1.47474e5 1.6447e5 1.70907e5 1.74293e5 1.76383e5 1.77801e5; 1.07288e7 1.49025e5 1.65356e5 1.71525e5 1.74769e5 1.76769e5 1.78125e5; 7.13887e6 1.5059e5 1.66245e5 1.72146e5 1.75245e5 1.77155e5 1.7845e5; 4.83857e6 152168.0 1.67138e5 1.72768e5 1.75722e5 1.77542e5 1.78776e5; 3.32868e6 1.5376e5 1.68035e5 1.73392e5 1.762e5 1.77929e5 1.79102e5; 2.31889e6 1.55366e5 1.68936e5 1.74017e5 1.76679e5 1.78318e5 1.79428e5; 1.63408e6 1.56996e5 1.69851e5 174655.0 1.7717e5 1.78717e5 1.79766e5]

[1.65049e7 94838.9 1.06422e5 1.10836e5 1.13161e5 1.14596e5 1.15569e5; 1.07288e7 96002.1 1.07097e5 1.1131e5 1.13525e5 1.14892e5 1.15819e5; 7.13887e6 97180.0 1.07776e5 1.11785e5 1.1389e5 1.15188e5 1.16068e5; 4.83857e6 98372.7 1.08459e5 1.12262e5 1.14257e5 1.15485e5 1.16318e5; 3.32868e6 99580.1 1.09146e5 1.12741e5 114624.0 1.15783e5 1.16569e5; 2.31889e6 1.00864e5 1.09899e5 1.13283e5 1.15055e5 1.16144e5 1.16882e5; 1.63408e6 1.02304e5 1.10799e5 1.13971e5 1.1563e5 1.16649e5 1.17339e5]

[1.65049e7 57901.4 64935.5 67683.1 69141.1 70044.1 70658.3; 1.07288e7 58658.3 65393.6 68008.0 69392.3 70248.9 70831.0; 7.13887e6 59430.7 65855.9 68334.7 69644.7 70454.3 71004.2; 4.83857e6 60218.4 66322.2 68663.4 69898.1 70660.4 71177.9; 3.32868e6 61073.7 66845.1 69046.5 70205.2 70919.9 71404.7; 2.31889e6 62076.5 67505.1 69564.6 70646.6 71313.4 71765.4; 1.63408e6 63114.8 68189.3 70104.7 71109.2 71727.7 72146.7]

[1.65049e7 37119.1 40305.1 41663.9 42404.6 42869.3 43187.9; 1.07288e7 37456.4 40541.9 41838.3 42541.7 42982.1 43283.6; 7.13887e6 37809.5 40783.0 42014.5 42679.9 43095.7 43379.9; 4.83857e6 38192.2 41042.0 42206.4 42833.0 43223.7 43490.4; 3.32868e6 38709.8 41424.5 42519.7 43106.6 43471.9 43721.0; 2.31889e6 39296.0 41864.0 42887.7 43434.2 43773.7 44004.9; 1.63408e6 40111.1 42523.7 43474.5 43980.3 44293.9 44507.2]

[1.65049e7 32820.0 32733.9 32925.5 33934.3 33165.6 33238.1; 1.07288e7 32727.7 32746.4 32947.8 33088.3 33185.9 33256.5; 7.13887e6 32651.6 32763.1 32972.0 33111.5 33206.9 33275.4; 4.83857e6 32618.4 32810.5 33024.5 33162.2 33255.0 33321.2; 3.32868e6 32708.6 32969.4 33186.2 33321.2 33411.0 33474.6; 2.31889e6 32962.2 33281.2 33498.9 33630.6 33717.2 33778.1; 1.63408e6 33438.3 33814.4 34034.7 34164.2 34248.4 34307.3]

[1.65049e7 45245.8 42366.6 41570.9 41206.2 40998.3 40864.4; 1.07288e7 44716.3 42152.4 41440.0 42883.3 40925.7 40805.1; 7.13887e6 44141.5 41880.2 41248.7 40957.7 40791.3 40683.8; 4.83857e6 43666.1 41694.8 41141.6 40886.1 40739.8 40645.2; 3.32868e6 43320.2 41626.9 41327.4 40928.9 40802.3 40720.4; 2.31889e6 43030.1 41602.7 41199.3 41012.4 40905.1 40835.6; 1.63408e6 42537.9 41378.2 41051.2 40899.9 40813.1 40757.0]

[1.65049e7 74578.7 69309.5 67675.0 66882.3 66414.7 66106.5; 1.07288e7 73602.5 68863.1 67386.4 66668.8 66245.1 65965.5; 7.13887e6 72439.3 68215.8 66894.0 66250.5 65870.1 65618.9; 4.83857e6 71522.6 67802.8 66633.5 66063.1 65725.6 65502.6; 3.32868e6 70616.3 67386.8 66367.3 65869.1 65574.1 65379.0; 2.31889e6 68604.0 65846.3 64972.4 64544.6 64291.0 64123.2; 1.63408e6 64496.6 62190.9 61457.4 61097.9 60884.6 60743.4]) 
