([30.0, 3.0, 0.916667], 70597.15313278441, [28.0 28.6667 29.3333 30.0 30.6667 31.3333 32.0; 0.5 0.5 0.5 0.5 0.5 0.5 0.5; 0.75 0.75 0.75 0.75 0.75 0.75 0.75]

[28.0 28.6667 29.3333 30.0 30.6667 31.3333 32.0; 0.916667 0.916667 0.916667 0.916667 0.916667 0.916667 0.916667; 0.75 0.75 0.75 0.75 0.75 0.75 0.75]

[28.0 28.6667 29.3333 30.0 30.6667 31.3333 32.0; 1.33333 1.33333 1.33333 1.33333 1.33333 1.33333 1.33333; 0.75 0.75 0.75 0.75 0.75 0.75 0.75]

[28.0 28.6667 29.3333 30.0 30.6667 31.3333 32.0; 1.75 1.75 1.75 1.75 1.75 1.75 1.75; 0.75 0.75 0.75 0.75 0.75 0.75 0.75]

[28.0 28.6667 29.3333 30.0 30.6667 31.3333 32.0; 2.16667 2.16667 2.16667 2.16667 2.16667 2.16667 2.16667; 0.75 0.75 0.75 0.75 0.75 0.75 0.75]

[28.0 28.6667 29.3333 30.0 30.6667 31.3333 32.0; 2.58333 2.58333 2.58333 2.58333 2.58333 2.58333 2.58333; 0.75 0.75 0.75 0.75 0.75 0.75 0.75]

[28.0 28.6667 29.3333 30.0 30.6667 31.3333 32.0; 3.0 3.0 3.0 3.0 3.0 3.0 3.0; 0.75 0.75 0.75 0.75 0.75 0.75 0.75]

[28.0 28.6667 29.3333 30.0 30.6667 31.3333 32.0; 0.5 0.5 0.5 0.5 0.5 0.5 0.5; 0.791667 0.791667 0.791667 0.791667 0.791667 0.791667 0.791667]

[28.0 28.6667 29.3333 30.0 30.6667 31.3333 32.0; 0.916667 0.916667 0.916667 0.916667 0.916667 0.916667 0.916667; 0.791667 0.791667 0.791667 0.791667 0.791667 0.791667 0.791667]

[28.0 28.6667 29.3333 30.0 30.6667 31.3333 32.0; 1.33333 1.33333 1.33333 1.33333 1.33333 1.33333 1.33333; 0.791667 0.791667 0.791667 0.791667 0.791667 0.791667 0.791667]

[28.0 28.6667 29.3333 30.0 30.6667 31.3333 32.0; 1.75 1.75 1.75 1.75 1.75 1.75 1.75; 0.791667 0.791667 0.791667 0.791667 0.791667 0.791667 0.791667]

[28.0 28.6667 29.3333 30.0 30.6667 31.3333 32.0; 2.16667 2.16667 2.16667 2.16667 2.16667 2.16667 2.16667; 0.791667 0.791667 0.791667 0.791667 0.791667 0.791667 0.791667]

[28.0 28.6667 29.3333 30.0 30.6667 31.3333 32.0; 2.58333 2.58333 2.58333 2.58333 2.58333 2.58333 2.58333; 0.791667 0.791667 0.791667 0.791667 0.791667 0.791667 0.791667]

[28.0 28.6667 29.3333 30.0 30.6667 31.3333 32.0; 3.0 3.0 3.0 3.0 3.0 3.0 3.0; 0.791667 0.791667 0.791667 0.791667 0.791667 0.791667 0.791667]

[28.0 28.6667 29.3333 30.0 30.6667 31.3333 32.0; 0.5 0.5 0.5 0.5 0.5 0.5 0.5; 0.833333 0.833333 0.833333 0.833333 0.833333 0.833333 0.833333]

[28.0 28.6667 29.3333 30.0 30.6667 31.3333 32.0; 0.916667 0.916667 0.916667 0.916667 0.916667 0.916667 0.916667; 0.833333 0.833333 0.833333 0.833333 0.833333 0.833333 0.833333]

[28.0 28.6667 29.3333 30.0 30.6667 31.3333 32.0; 1.33333 1.33333 1.33333 1.33333 1.33333 1.33333 1.33333; 0.833333 0.833333 0.833333 0.833333 0.833333 0.833333 0.833333]

[28.0 28.6667 29.3333 30.0 30.6667 31.3333 32.0; 1.75 1.75 1.75 1.75 1.75 1.75 1.75; 0.833333 0.833333 0.833333 0.833333 0.833333 0.833333 0.833333]

[28.0 28.6667 29.3333 30.0 30.6667 31.3333 32.0; 2.16667 2.16667 2.16667 2.16667 2.16667 2.16667 2.16667; 0.833333 0.833333 0.833333 0.833333 0.833333 0.833333 0.833333]

[28.0 28.6667 29.3333 30.0 30.6667 31.3333 32.0; 2.58333 2.58333 2.58333 2.58333 2.58333 2.58333 2.58333; 0.833333 0.833333 0.833333 0.833333 0.833333 0.833333 0.833333]

[28.0 28.6667 29.3333 30.0 30.6667 31.3333 32.0; 3.0 3.0 3.0 3.0 3.0 3.0 3.0; 0.833333 0.833333 0.833333 0.833333 0.833333 0.833333 0.833333]

[28.0 28.6667 29.3333 30.0 30.6667 31.3333 32.0; 0.5 0.5 0.5 0.5 0.5 0.5 0.5; 0.875 0.875 0.875 0.875 0.875 0.875 0.875]

[28.0 28.6667 29.3333 30.0 30.6667 31.3333 32.0; 0.916667 0.916667 0.916667 0.916667 0.916667 0.916667 0.916667; 0.875 0.875 0.875 0.875 0.875 0.875 0.875]

[28.0 28.6667 29.3333 30.0 30.6667 31.3333 32.0; 1.33333 1.33333 1.33333 1.33333 1.33333 1.33333 1.33333; 0.875 0.875 0.875 0.875 0.875 0.875 0.875]

[28.0 28.6667 29.3333 30.0 30.6667 31.3333 32.0; 1.75 1.75 1.75 1.75 1.75 1.75 1.75; 0.875 0.875 0.875 0.875 0.875 0.875 0.875]

[28.0 28.6667 29.3333 30.0 30.6667 31.3333 32.0; 2.16667 2.16667 2.16667 2.16667 2.16667 2.16667 2.16667; 0.875 0.875 0.875 0.875 0.875 0.875 0.875]

[28.0 28.6667 29.3333 30.0 30.6667 31.3333 32.0; 2.58333 2.58333 2.58333 2.58333 2.58333 2.58333 2.58333; 0.875 0.875 0.875 0.875 0.875 0.875 0.875]

[28.0 28.6667 29.3333 30.0 30.6667 31.3333 32.0; 3.0 3.0 3.0 3.0 3.0 3.0 3.0; 0.875 0.875 0.875 0.875 0.875 0.875 0.875]

[28.0 28.6667 29.3333 30.0 30.6667 31.3333 32.0; 0.5 0.5 0.5 0.5 0.5 0.5 0.5; 0.916667 0.916667 0.916667 0.916667 0.916667 0.916667 0.916667]

[28.0 28.6667 29.3333 30.0 30.6667 31.3333 32.0; 0.916667 0.916667 0.916667 0.916667 0.916667 0.916667 0.916667; 0.916667 0.916667 0.916667 0.916667 0.916667 0.916667 0.916667]

[28.0 28.6667 29.3333 30.0 30.6667 31.3333 32.0; 1.33333 1.33333 1.33333 1.33333 1.33333 1.33333 1.33333; 0.916667 0.916667 0.916667 0.916667 0.916667 0.916667 0.916667]

[28.0 28.6667 29.3333 30.0 30.6667 31.3333 32.0; 1.75 1.75 1.75 1.75 1.75 1.75 1.75; 0.916667 0.916667 0.916667 0.916667 0.916667 0.916667 0.916667]

[28.0 28.6667 29.3333 30.0 30.6667 31.3333 32.0; 2.16667 2.16667 2.16667 2.16667 2.16667 2.16667 2.16667; 0.916667 0.916667 0.916667 0.916667 0.916667 0.916667 0.916667]

[28.0 28.6667 29.3333 30.0 30.6667 31.3333 32.0; 2.58333 2.58333 2.58333 2.58333 2.58333 2.58333 2.58333; 0.916667 0.916667 0.916667 0.916667 0.916667 0.916667 0.916667]

[28.0 28.6667 29.3333 30.0 30.6667 31.3333 32.0; 3.0 3.0 3.0 3.0 3.0 3.0 3.0; 0.916667 0.916667 0.916667 0.916667 0.916667 0.916667 0.916667]

[28.0 28.6667 29.3333 30.0 30.6667 31.3333 32.0; 0.5 0.5 0.5 0.5 0.5 0.5 0.5; 0.958333 0.958333 0.958333 0.958333 0.958333 0.958333 0.958333]

[28.0 28.6667 29.3333 30.0 30.6667 31.3333 32.0; 0.916667 0.916667 0.916667 0.916667 0.916667 0.916667 0.916667; 0.958333 0.958333 0.958333 0.958333 0.958333 0.958333 0.958333]

[28.0 28.6667 29.3333 30.0 30.6667 31.3333 32.0; 1.33333 1.33333 1.33333 1.33333 1.33333 1.33333 1.33333; 0.958333 0.958333 0.958333 0.958333 0.958333 0.958333 0.958333]

[28.0 28.6667 29.3333 30.0 30.6667 31.3333 32.0; 1.75 1.75 1.75 1.75 1.75 1.75 1.75; 0.958333 0.958333 0.958333 0.958333 0.958333 0.958333 0.958333]

[28.0 28.6667 29.3333 30.0 30.6667 31.3333 32.0; 2.16667 2.16667 2.16667 2.16667 2.16667 2.16667 2.16667; 0.958333 0.958333 0.958333 0.958333 0.958333 0.958333 0.958333]

[28.0 28.6667 29.3333 30.0 30.6667 31.3333 32.0; 2.58333 2.58333 2.58333 2.58333 2.58333 2.58333 2.58333; 0.958333 0.958333 0.958333 0.958333 0.958333 0.958333 0.958333]

[28.0 28.6667 29.3333 30.0 30.6667 31.3333 32.0; 3.0 3.0 3.0 3.0 3.0 3.0 3.0; 0.958333 0.958333 0.958333 0.958333 0.958333 0.958333 0.958333]

[28.0 28.6667 29.3333 30.0 30.6667 31.3333 32.0; 0.5 0.5 0.5 0.5 0.5 0.5 0.5; 1.0 1.0 1.0 1.0 1.0 1.0 1.0]

[28.0 28.6667 29.3333 30.0 30.6667 31.3333 32.0; 0.916667 0.916667 0.916667 0.916667 0.916667 0.916667 0.916667; 1.0 1.0 1.0 1.0 1.0 1.0 1.0]

[28.0 28.6667 29.3333 30.0 30.6667 31.3333 32.0; 1.33333 1.33333 1.33333 1.33333 1.33333 1.33333 1.33333; 1.0 1.0 1.0 1.0 1.0 1.0 1.0]

[28.0 28.6667 29.3333 30.0 30.6667 31.3333 32.0; 1.75 1.75 1.75 1.75 1.75 1.75 1.75; 1.0 1.0 1.0 1.0 1.0 1.0 1.0]

[28.0 28.6667 29.3333 30.0 30.6667 31.3333 32.0; 2.16667 2.16667 2.16667 2.16667 2.16667 2.16667 2.16667; 1.0 1.0 1.0 1.0 1.0 1.0 1.0]

[28.0 28.6667 29.3333 30.0 30.6667 31.3333 32.0; 2.58333 2.58333 2.58333 2.58333 2.58333 2.58333 2.58333; 1.0 1.0 1.0 1.0 1.0 1.0 1.0]

[28.0 28.6667 29.3333 30.0 30.6667 31.3333 32.0; 3.0 3.0 3.0 3.0 3.0 3.0 3.0; 1.0 1.0 1.0 1.0 1.0 1.0 1.0], [1.41655e5 1.44853e5 1.46133e5 1.46823e5 1.47254e5 1.47548e5 1.47763e5; 1.42038e5 1.45124e5 1.4636e5 1.47025e5 1.47441e5 1.47725e5 1.47932e5; 1.42444e5 1.45418e5 1.46609e5 1.47249e5 1.4765e5 1.47923e5 1.48122e5; 143105.0 1.45969e5 1.47114e5 1.4773e5 1.48116e5 148379.0 1.4857e5; 1.43537e5 1.46285e5 1.47384e5 147975.0 1.48344e5 1.48597e5 1.48781e5; 1.44556e5 1.47196e5 1.48252e5 1.4882e5 1.49174e5 1.49731e5 1.49593e5; 1.47455e5 1.49994e5 1.51009e5 1.51555e5 1.51896e5 1.52129e5 1.52299e5]

[1.06071e5 1.08206e5 109074.0 1.09544e5 1.09839e5 1.10042e5 1.10189e5; 1.06452e5 108510.0 1.09347e5 1.098e5 1.10084e5 1.10279e5 1.10421e5; 1.06959e5 1.09123e5 1.09724e5 1.10156e5 1.10428e5 1.10613e5 1.10749e5; 1.07037e5 1.08936e5 1.09707e5 1.10124e5 1.10386e5 110565.0 1.10696e5; 1.0771e5 1.09538e5 1.1028e5 1.10681e5 1.10933e5 1.11105e5 1.11231e5; 1.1037e5 1.12128e5 1.12841e5 1.13227e5 1.13468e5 113634.0 1.13755e5; 1.15267e5 1.16958e5 1.17644e5 1.18015e5 118247.0 1.18406e5 118522.0]

[83777.0 84986.0 85496.3 85776.5 85953.5 86075.4 86164.4; 83914.7 85066.1 85551.9 85818.7 85987.2 86093.6 86187.9; 83637.9 84755.9 85226.1 85484.2 85647.1 85759.3 85841.2; 83649.2 84730.5 85184.7 85433.8 85590.9 85686.5 85776.7; 85127.0 86171.2 87817.1 86849.2 87000.6 87104.8 87180.9; 89012.1 90020.7 90443.2 90674.5 90820.4 90920.8 90994.0; 94169.2 95130.7 95533.3 95753.8 95892.8 95988.4 96058.2]

[74247.7 74636.3 74829.5 74941.4 75014.1 75065.0 75102.6; 73365.9 73757.2 73949.0 74059.7 74131.4 74181.5 74218.5; 72276.5 72662.7 72850.2 72958.2 73028.0 73076.8 89045.0; 72010.3 72391.8 72575.4 72680.7 72716.3 72796.2 72831.3; 74122.0 74481.4 74654.4 74753.8 74818.0 74862.8 74895.9; 77145.7 77489.8 77655.1 77749.9 77811.1 77853.9 77885.4; 82532.9 82866.9 83026.5 83117.9 83176.9 83218.0 83248.4]

[76375.2 76078.3 76006.6 75978.1 75963.7 75955.3 75949.9; 73750.2 73480.9 73417.5 73392.8 79945.0 73373.6 73369.2; 71308.3 71067.2 71012.2 70991.4 70981.5 70976.0 70972.6; 70934.9 70696.6 70640.6 70618.7 70607.6 70601.2 70597.2; 71413.4 71182.7 71127.6 71105.9 71095.0 71088.8 71084.8; 74178.3 73957.7 73904.6 73883.6 73873.0 73866.8 73862.9; 79975.8 79782.2 79737.6 79720.6 79712.4 79707.8 79705.0]

[88474.0 87578.5 87275.9 87124.9 87034.6 86974.6 86931.8; 83350.5 82516.5 82235.0 82094.6 82010.7 81954.9 81915.2; 79999.9 79180.5 78901.9 78762.6 78679.1 78623.6 78584.1; 77388.7 76613.0 76348.4 76215.3 76135.5 76082.5 76044.6; 76578.4 75838.2 75586.4 75459.7 75384.2 75333.9 75298.1; 78989.9 78305.2 78072.7 77956.4 77886.8 77840.5 77807.5; 84294.9 83653.1 83435.3 83326.3 83261.1 83217.7 83186.7]

[1.08699e5 1.07293e5 1.06793e5 1.06538e5 106383.0 106279.0 1.06204e5; 1.01909e5 1.00539e5 1.00051e5 99800.5 99648.7 99546.6 99473.4; 95623.1 94315.9 93849.7 93611.0 93466.1 93368.7 93298.8; 90493.3 89255.2 88813.4 88587.1 88449.6 88357.3 88291.0; 88822.3 87668.5 87257.0 87046.2 86918.2 86832.2 90859.6; 90506.4 89421.5 89034.5 88836.1 88715.4 90743.6 88576.2; 94909.4 93891.8 93528.6 93342.6 93229.6 93153.7 93099.2]) 
