([25.5556, 0.296296, 0.83], 32547.093271810896, [22.0 22.8889 23.7778 24.6667 25.5556 26.4444 27.3333; 0.0 0.0 0.0 0.0 0.0 0.0 0.0; 0.72 0.72 0.72 0.72 0.72 0.72 0.72]

[22.0 22.8889 23.7778 24.6667 25.5556 26.4444 27.3333; 0.148148 0.148148 0.148148 0.148148 0.148148 0.148148 0.148148; 0.72 0.72 0.72 0.72 0.72 0.72 0.72]

[22.0 22.8889 23.7778 24.6667 25.5556 26.4444 27.3333; 0.296296 0.296296 0.296296 0.296296 0.296296 0.296296 0.296296; 0.72 0.72 0.72 0.72 0.72 0.72 0.72]

[22.0 22.8889 23.7778 24.6667 25.5556 26.4444 27.3333; 0.444444 0.444444 0.444444 0.444444 0.444444 0.444444 0.444444; 0.72 0.72 0.72 0.72 0.72 0.72 0.72]

[22.0 22.8889 23.7778 24.6667 25.5556 26.4444 27.3333; 0.592593 0.592593 0.592593 0.592593 0.592593 0.592593 0.592593; 0.72 0.72 0.72 0.72 0.72 0.72 0.72]

[22.0 22.8889 23.7778 24.6667 25.5556 26.4444 27.3333; 0.740741 0.740741 0.740741 0.740741 0.740741 0.740741 0.740741; 0.72 0.72 0.72 0.72 0.72 0.72 0.72]

[22.0 22.8889 23.7778 24.6667 25.5556 26.4444 27.3333; 0.888889 0.888889 0.888889 0.888889 0.888889 0.888889 0.888889; 0.72 0.72 0.72 0.72 0.72 0.72 0.72]

[22.0 22.8889 23.7778 24.6667 25.5556 26.4444 27.3333; 0.0 0.0 0.0 0.0 0.0 0.0 0.0; 0.756667 0.756667 0.756667 0.756667 0.756667 0.756667 0.756667]

[22.0 22.8889 23.7778 24.6667 25.5556 26.4444 27.3333; 0.148148 0.148148 0.148148 0.148148 0.148148 0.148148 0.148148; 0.756667 0.756667 0.756667 0.756667 0.756667 0.756667 0.756667]

[22.0 22.8889 23.7778 24.6667 25.5556 26.4444 27.3333; 0.296296 0.296296 0.296296 0.296296 0.296296 0.296296 0.296296; 0.756667 0.756667 0.756667 0.756667 0.756667 0.756667 0.756667]

[22.0 22.8889 23.7778 24.6667 25.5556 26.4444 27.3333; 0.444444 0.444444 0.444444 0.444444 0.444444 0.444444 0.444444; 0.756667 0.756667 0.756667 0.756667 0.756667 0.756667 0.756667]

[22.0 22.8889 23.7778 24.6667 25.5556 26.4444 27.3333; 0.592593 0.592593 0.592593 0.592593 0.592593 0.592593 0.592593; 0.756667 0.756667 0.756667 0.756667 0.756667 0.756667 0.756667]

[22.0 22.8889 23.7778 24.6667 25.5556 26.4444 27.3333; 0.740741 0.740741 0.740741 0.740741 0.740741 0.740741 0.740741; 0.756667 0.756667 0.756667 0.756667 0.756667 0.756667 0.756667]

[22.0 22.8889 23.7778 24.6667 25.5556 26.4444 27.3333; 0.888889 0.888889 0.888889 0.888889 0.888889 0.888889 0.888889; 0.756667 0.756667 0.756667 0.756667 0.756667 0.756667 0.756667]

[22.0 22.8889 23.7778 24.6667 25.5556 26.4444 27.3333; 0.0 0.0 0.0 0.0 0.0 0.0 0.0; 0.793333 0.793333 0.793333 0.793333 0.793333 0.793333 0.793333]

[22.0 22.8889 23.7778 24.6667 25.5556 26.4444 27.3333; 0.148148 0.148148 0.148148 0.148148 0.148148 0.148148 0.148148; 0.793333 0.793333 0.793333 0.793333 0.793333 0.793333 0.793333]

[22.0 22.8889 23.7778 24.6667 25.5556 26.4444 27.3333; 0.296296 0.296296 0.296296 0.296296 0.296296 0.296296 0.296296; 0.793333 0.793333 0.793333 0.793333 0.793333 0.793333 0.793333]

[22.0 22.8889 23.7778 24.6667 25.5556 26.4444 27.3333; 0.444444 0.444444 0.444444 0.444444 0.444444 0.444444 0.444444; 0.793333 0.793333 0.793333 0.793333 0.793333 0.793333 0.793333]

[22.0 22.8889 23.7778 24.6667 25.5556 26.4444 27.3333; 0.592593 0.592593 0.592593 0.592593 0.592593 0.592593 0.592593; 0.793333 0.793333 0.793333 0.793333 0.793333 0.793333 0.793333]

[22.0 22.8889 23.7778 24.6667 25.5556 26.4444 27.3333; 0.740741 0.740741 0.740741 0.740741 0.740741 0.740741 0.740741; 0.793333 0.793333 0.793333 0.793333 0.793333 0.793333 0.793333]

[22.0 22.8889 23.7778 24.6667 25.5556 26.4444 27.3333; 0.888889 0.888889 0.888889 0.888889 0.888889 0.888889 0.888889; 0.793333 0.793333 0.793333 0.793333 0.793333 0.793333 0.793333]

[22.0 22.8889 23.7778 24.6667 25.5556 26.4444 27.3333; 0.0 0.0 0.0 0.0 0.0 0.0 0.0; 0.83 0.83 0.83 0.83 0.83 0.83 0.83]

[22.0 22.8889 23.7778 24.6667 25.5556 26.4444 27.3333; 0.148148 0.148148 0.148148 0.148148 0.148148 0.148148 0.148148; 0.83 0.83 0.83 0.83 0.83 0.83 0.83]

[22.0 22.8889 23.7778 24.6667 25.5556 26.4444 27.3333; 0.296296 0.296296 0.296296 0.296296 0.296296 0.296296 0.296296; 0.83 0.83 0.83 0.83 0.83 0.83 0.83]

[22.0 22.8889 23.7778 24.6667 25.5556 26.4444 27.3333; 0.444444 0.444444 0.444444 0.444444 0.444444 0.444444 0.444444; 0.83 0.83 0.83 0.83 0.83 0.83 0.83]

[22.0 22.8889 23.7778 24.6667 25.5556 26.4444 27.3333; 0.592593 0.592593 0.592593 0.592593 0.592593 0.592593 0.592593; 0.83 0.83 0.83 0.83 0.83 0.83 0.83]

[22.0 22.8889 23.7778 24.6667 25.5556 26.4444 27.3333; 0.740741 0.740741 0.740741 0.740741 0.740741 0.740741 0.740741; 0.83 0.83 0.83 0.83 0.83 0.83 0.83]

[22.0 22.8889 23.7778 24.6667 25.5556 26.4444 27.3333; 0.888889 0.888889 0.888889 0.888889 0.888889 0.888889 0.888889; 0.83 0.83 0.83 0.83 0.83 0.83 0.83]

[22.0 22.8889 23.7778 24.6667 25.5556 26.4444 27.3333; 0.0 0.0 0.0 0.0 0.0 0.0 0.0; 0.866667 0.866667 0.866667 0.866667 0.866667 0.866667 0.866667]

[22.0 22.8889 23.7778 24.6667 25.5556 26.4444 27.3333; 0.148148 0.148148 0.148148 0.148148 0.148148 0.148148 0.148148; 0.866667 0.866667 0.866667 0.866667 0.866667 0.866667 0.866667]

[22.0 22.8889 23.7778 24.6667 25.5556 26.4444 27.3333; 0.296296 0.296296 0.296296 0.296296 0.296296 0.296296 0.296296; 0.866667 0.866667 0.866667 0.866667 0.866667 0.866667 0.866667]

[22.0 22.8889 23.7778 24.6667 25.5556 26.4444 27.3333; 0.444444 0.444444 0.444444 0.444444 0.444444 0.444444 0.444444; 0.866667 0.866667 0.866667 0.866667 0.866667 0.866667 0.866667]

[22.0 22.8889 23.7778 24.6667 25.5556 26.4444 27.3333; 0.592593 0.592593 0.592593 0.592593 0.592593 0.592593 0.592593; 0.866667 0.866667 0.866667 0.866667 0.866667 0.866667 0.866667]

[22.0 22.8889 23.7778 24.6667 25.5556 26.4444 27.3333; 0.740741 0.740741 0.740741 0.740741 0.740741 0.740741 0.740741; 0.866667 0.866667 0.866667 0.866667 0.866667 0.866667 0.866667]

[22.0 22.8889 23.7778 24.6667 25.5556 26.4444 27.3333; 0.888889 0.888889 0.888889 0.888889 0.888889 0.888889 0.888889; 0.866667 0.866667 0.866667 0.866667 0.866667 0.866667 0.866667]

[22.0 22.8889 23.7778 24.6667 25.5556 26.4444 27.3333; 0.0 0.0 0.0 0.0 0.0 0.0 0.0; 0.903333 0.903333 0.903333 0.903333 0.903333 0.903333 0.903333]

[22.0 22.8889 23.7778 24.6667 25.5556 26.4444 27.3333; 0.148148 0.148148 0.148148 0.148148 0.148148 0.148148 0.148148; 0.903333 0.903333 0.903333 0.903333 0.903333 0.903333 0.903333]

[22.0 22.8889 23.7778 24.6667 25.5556 26.4444 27.3333; 0.296296 0.296296 0.296296 0.296296 0.296296 0.296296 0.296296; 0.903333 0.903333 0.903333 0.903333 0.903333 0.903333 0.903333]

[22.0 22.8889 23.7778 24.6667 25.5556 26.4444 27.3333; 0.444444 0.444444 0.444444 0.444444 0.444444 0.444444 0.444444; 0.903333 0.903333 0.903333 0.903333 0.903333 0.903333 0.903333]

[22.0 22.8889 23.7778 24.6667 25.5556 26.4444 27.3333; 0.592593 0.592593 0.592593 0.592593 0.592593 0.592593 0.592593; 0.903333 0.903333 0.903333 0.903333 0.903333 0.903333 0.903333]

[22.0 22.8889 23.7778 24.6667 25.5556 26.4444 27.3333; 0.740741 0.740741 0.740741 0.740741 0.740741 0.740741 0.740741; 0.903333 0.903333 0.903333 0.903333 0.903333 0.903333 0.903333]

[22.0 22.8889 23.7778 24.6667 25.5556 26.4444 27.3333; 0.888889 0.888889 0.888889 0.888889 0.888889 0.888889 0.888889; 0.903333 0.903333 0.903333 0.903333 0.903333 0.903333 0.903333]

[22.0 22.8889 23.7778 24.6667 25.5556 26.4444 27.3333; 0.0 0.0 0.0 0.0 0.0 0.0 0.0; 0.94 0.94 0.94 0.94 0.94 0.94 0.94]

[22.0 22.8889 23.7778 24.6667 25.5556 26.4444 27.3333; 0.148148 0.148148 0.148148 0.148148 0.148148 0.148148 0.148148; 0.94 0.94 0.94 0.94 0.94 0.94 0.94]

[22.0 22.8889 23.7778 24.6667 25.5556 26.4444 27.3333; 0.296296 0.296296 0.296296 0.296296 0.296296 0.296296 0.296296; 0.94 0.94 0.94 0.94 0.94 0.94 0.94]

[22.0 22.8889 23.7778 24.6667 25.5556 26.4444 27.3333; 0.444444 0.444444 0.444444 0.444444 0.444444 0.444444 0.444444; 0.94 0.94 0.94 0.94 0.94 0.94 0.94]

[22.0 22.8889 23.7778 24.6667 25.5556 26.4444 27.3333; 0.592593 0.592593 0.592593 0.592593 0.592593 0.592593 0.592593; 0.94 0.94 0.94 0.94 0.94 0.94 0.94]

[22.0 22.8889 23.7778 24.6667 25.5556 26.4444 27.3333; 0.740741 0.740741 0.740741 0.740741 0.740741 0.740741 0.740741; 0.94 0.94 0.94 0.94 0.94 0.94 0.94]

[22.0 22.8889 23.7778 24.6667 25.5556 26.4444 27.3333; 0.888889 0.888889 0.888889 0.888889 0.888889 0.888889 0.888889; 0.94 0.94 0.94 0.94 0.94 0.94 0.94], [1.07288e7 37137.9 42315.9 45209.7 46920.4 48038.6 48824.4; 8.92915e6 37351.8 42550.3 45399.1 47075.7 48169.6 48937.3; 7.46206e6 37579.7 42788.6 45590.3 47232.1 48301.2 49050.7; 6.25926e6 37821.6 43030.8 45783.3 47389.6 48433.5 49164.6; 5.26803e6 38077.6 43276.9 45978.1 47413.2 48566.5 49278.9; 4.44736e6 38359.2 43538.5 46186.4 47719.3 48711.9 49405.5; 3.76509e6 38700.3 43849.9 46442.7 47937.8 48904.2 49578.8]

[1.07288e7 33585.6 35930.0 37738.8 38873.5 39634.1 40176.0; 8.92915e6 33629.9 36072.3 37864.7 38980.2 39725.7 40255.9; 7.46206e6 33688.6 36218.5 37992.3 39088.0 39817.9 40336.2; 6.25926e6 33761.6 36368.7 38121.8 39196.8 39910.8 40416.9; 5.26803e6 33849.7 36523.5 38253.7 39307.4 40005.1 40498.9; 4.44736e6 33990.3 36720.9 38426.3 39457.9 40139.0 40620.2; 3.76509e6 34163.8 36940.7 38619.3 39628.0 40292.1 40760.5]

[1.07288e7 33021.2 32714.1 33515.3 34116.9 34547.3 34864.4; 8.92915e6 32893.3 32763.3 33577.0 34174.7 34599.2 34911.0; 7.46206e6 32779.9 32816.5 33640.6 34233.6 34651.9 34958.1; 6.25926e6 32681.2 32873.6 33705.9 34293.5 34705.2 35005.6; 5.26803e6 32610.3 32948.1 33786.5 34367.8 34772.6 35067.0; 4.44736e6 32580.2 33052.8 33895.2 34469.5 34867.0 35155.1; 3.76509e6 32583.1 33180.0 34024.3 34590.8 34980.7 35262.3]

[1.07288e7 35478.9 32691.9 32556.9 32664.9 32790.2 32899.9; 8.92915e6 35176.2 32647.0 32554.1 32673.5 32802.4 32913.1; 7.46206e6 34888.4 32606.2 32553.1 32683.2 32815.2 32926.8; 6.25926e6 34611.6 32565.6 32550.1 32690.1 32825.0 32937.1; 5.26803e6 34367.8 32547.1 32567.0 32716.0 32853.4 32965.9; 4.44736e6 34164.3 32558.2 32611.3 32768.6 32908.1 33020.7; 3.76509e6 33994.1 32591.9 32676.1 32840.9 32982.1 33094.7]

[1.07288e7 40989.5 35883.9 34879.2 34530.1 34456.9 34291.4; 8.92915e6 40509.8 35744.3 34811.4 34489.2 34345.4 34271.0; 7.46206e6 40043.2 35606.7 34743.5 34447.4 34981.8 34249.2; 6.25926e6 39573.5 35454.7 34658.8 34388.0 34269.3 34209.1; 5.26803e6 39153.8 35341.7 34610.9 34364.6 34257.9 34204.5; 4.44736e6 38774.6 35258.4 34590.5 34368.0 34272.8 34226.0; 3.76509e6 38428.9 35197.7 34590.5 34390.9 34306.9 34266.5]

[1.07288e7 49580.7 42308.7 40496.0 39723.2 39305.3 39046.5; 8.92915e6 48922.0 42073.6 40362.9 39632.7 39237.5 38992.6; 7.46206e6 48242.4 41806.0 40195.0 39506.5 39133.6 38902.4; 6.25926e6 47594.5 41558.8 40045.1 39397.6 39046.5 38828.8; 5.26803e6 46996.7 41350.7 39932.1 39324.7 38995.2 38790.6; 4.44736e6 46439.7 41172.3 39846.6 39278.5 38970.1 38778.6; 3.76509e6 45916.3 41016.5 39781.5 41020.3 38964.3 38785.6]

[1.07288e7 61277.6 51982.7 49419.3 48254.0 47594.6 47172.2; 8.92915e6 60419.0 51632.3 49201.4 48094.4 47467.4 47065.4; 7.46206e6 59528.1 51237.6 48936.7 47887.1 47291.9 46910.1; 6.25926e6 58700.1 50894.5 48721.3 47728.4 47164.8 46802.9; 5.26803e6 57922.4 50590.6 48542.9 47605.8 47073.3 46731.1; 4.44736e6 57185.6 50316.4 48392.0 47509.9 47008.1 46685.5; 3.76509e6 56471.3 50053.0 48249.4 47421.5 46950.0 46646.6]) 
