([29.3333, 12.0, 0.916667], 70920.55962808212, [28.0 29.3333 30.6667 32.0; 2.0 2.0 2.0 2.0; 0.75 0.75 0.75 0.75]

[28.0 29.3333 30.6667 32.0; 5.33333 5.33333 5.33333 5.33333; 0.75 0.75 0.75 0.75]

[28.0 29.3333 30.6667 32.0; 8.66667 8.66667 8.66667 8.66667; 0.75 0.75 0.75 0.75]

[28.0 29.3333 30.6667 32.0; 12.0 12.0 12.0 12.0; 0.75 0.75 0.75 0.75]

[28.0 29.3333 30.6667 32.0; 2.0 2.0 2.0 2.0; 0.833333 0.833333 0.833333 0.833333]

[28.0 29.3333 30.6667 32.0; 5.33333 5.33333 5.33333 5.33333; 0.833333 0.833333 0.833333 0.833333]

[28.0 29.3333 30.6667 32.0; 8.66667 8.66667 8.66667 8.66667; 0.833333 0.833333 0.833333 0.833333]

[28.0 29.3333 30.6667 32.0; 12.0 12.0 12.0 12.0; 0.833333 0.833333 0.833333 0.833333]

[28.0 29.3333 30.6667 32.0; 2.0 2.0 2.0 2.0; 0.916667 0.916667 0.916667 0.916667]

[28.0 29.3333 30.6667 32.0; 5.33333 5.33333 5.33333 5.33333; 0.916667 0.916667 0.916667 0.916667]

[28.0 29.3333 30.6667 32.0; 8.66667 8.66667 8.66667 8.66667; 0.916667 0.916667 0.916667 0.916667]

[28.0 29.3333 30.6667 32.0; 12.0 12.0 12.0 12.0; 0.916667 0.916667 0.916667 0.916667]

[28.0 29.3333 30.6667 32.0; 2.0 2.0 2.0 2.0; 1.0 1.0 1.0 1.0]

[28.0 29.3333 30.6667 32.0; 5.33333 5.33333 5.33333 5.33333; 1.0 1.0 1.0 1.0]

[28.0 29.3333 30.6667 32.0; 8.66667 8.66667 8.66667 8.66667; 1.0 1.0 1.0 1.0]

[28.0 29.3333 30.6667 32.0; 12.0 12.0 12.0 12.0; 1.0 1.0 1.0 1.0], [1.47102e5 1.4835e5 1.48644e5 1.48776e5; 147509.0 1.48668e5 1.48927e5 1.67909e5; 1.48215e5 1.49284e5 1.49536e5 1.49649e5; 1.51776e5 1.52764e5 1.52996e5 1.53054e5]

[85891.2 86410.2 86534.1 86589.6; 85589.7 86067.2 86181.1 86225.9; 86947.3 87390.7 87496.4 87560.0; 95843.8 1.07239e5 96347.7 1.11949e5]

[75968.4 75938.4 81114.2 75932.8; 70984.7 70966.1 70964.4 70920.6; 71098.6 71076.4 71056.8 71055.8; 79715.1 79699.4 79697.8 79697.3]

[106437.0 106004.0 1.06524e5 1.05863e5; 93516.6 93110.9 93019.0 92978.4; 86962.9 90694.7 86523.4 86707.9; 93269.0 92952.7 92881.0 92849.3]) 
