([24.37, 0.26, 0.805], 32312.033286983118, [24.37 24.765 25.16 25.555 25.95 26.345 26.74; 0.0 0.0 0.0 0.0 0.0 0.0 0.0; 0.76 0.76 0.76 0.76 0.76 0.76 0.76]

[24.37 24.765 25.16 25.555 25.95 26.345 26.74; 0.065 0.065 0.065 0.065 0.065 0.065 0.065; 0.76 0.76 0.76 0.76 0.76 0.76 0.76]

[24.37 24.765 25.16 25.555 25.95 26.345 26.74; 0.13 0.13 0.13 0.13 0.13 0.13 0.13; 0.76 0.76 0.76 0.76 0.76 0.76 0.76]

[24.37 24.765 25.16 25.555 25.95 26.345 26.74; 0.195 0.195 0.195 0.195 0.195 0.195 0.195; 0.76 0.76 0.76 0.76 0.76 0.76 0.76]

[24.37 24.765 25.16 25.555 25.95 26.345 26.74; 0.26 0.26 0.26 0.26 0.26 0.26 0.26; 0.76 0.76 0.76 0.76 0.76 0.76 0.76]

[24.37 24.765 25.16 25.555 25.95 26.345 26.74; 0.325 0.325 0.325 0.325 0.325 0.325 0.325; 0.76 0.76 0.76 0.76 0.76 0.76 0.76]

[24.37 24.765 25.16 25.555 25.95 26.345 26.74; 0.39 0.39 0.39 0.39 0.39 0.39 0.39; 0.76 0.76 0.76 0.76 0.76 0.76 0.76]

[24.37 24.765 25.16 25.555 25.95 26.345 26.74; 0.0 0.0 0.0 0.0 0.0 0.0 0.0; 0.775 0.775 0.775 0.775 0.775 0.775 0.775]

[24.37 24.765 25.16 25.555 25.95 26.345 26.74; 0.065 0.065 0.065 0.065 0.065 0.065 0.065; 0.775 0.775 0.775 0.775 0.775 0.775 0.775]

[24.37 24.765 25.16 25.555 25.95 26.345 26.74; 0.13 0.13 0.13 0.13 0.13 0.13 0.13; 0.775 0.775 0.775 0.775 0.775 0.775 0.775]

[24.37 24.765 25.16 25.555 25.95 26.345 26.74; 0.195 0.195 0.195 0.195 0.195 0.195 0.195; 0.775 0.775 0.775 0.775 0.775 0.775 0.775]

[24.37 24.765 25.16 25.555 25.95 26.345 26.74; 0.26 0.26 0.26 0.26 0.26 0.26 0.26; 0.775 0.775 0.775 0.775 0.775 0.775 0.775]

[24.37 24.765 25.16 25.555 25.95 26.345 26.74; 0.325 0.325 0.325 0.325 0.325 0.325 0.325; 0.775 0.775 0.775 0.775 0.775 0.775 0.775]

[24.37 24.765 25.16 25.555 25.95 26.345 26.74; 0.39 0.39 0.39 0.39 0.39 0.39 0.39; 0.775 0.775 0.775 0.775 0.775 0.775 0.775]

[24.37 24.765 25.16 25.555 25.95 26.345 26.74; 0.0 0.0 0.0 0.0 0.0 0.0 0.0; 0.79 0.79 0.79 0.79 0.79 0.79 0.79]

[24.37 24.765 25.16 25.555 25.95 26.345 26.74; 0.065 0.065 0.065 0.065 0.065 0.065 0.065; 0.79 0.79 0.79 0.79 0.79 0.79 0.79]

[24.37 24.765 25.16 25.555 25.95 26.345 26.74; 0.13 0.13 0.13 0.13 0.13 0.13 0.13; 0.79 0.79 0.79 0.79 0.79 0.79 0.79]

[24.37 24.765 25.16 25.555 25.95 26.345 26.74; 0.195 0.195 0.195 0.195 0.195 0.195 0.195; 0.79 0.79 0.79 0.79 0.79 0.79 0.79]

[24.37 24.765 25.16 25.555 25.95 26.345 26.74; 0.26 0.26 0.26 0.26 0.26 0.26 0.26; 0.79 0.79 0.79 0.79 0.79 0.79 0.79]

[24.37 24.765 25.16 25.555 25.95 26.345 26.74; 0.325 0.325 0.325 0.325 0.325 0.325 0.325; 0.79 0.79 0.79 0.79 0.79 0.79 0.79]

[24.37 24.765 25.16 25.555 25.95 26.345 26.74; 0.39 0.39 0.39 0.39 0.39 0.39 0.39; 0.79 0.79 0.79 0.79 0.79 0.79 0.79]

[24.37 24.765 25.16 25.555 25.95 26.345 26.74; 0.0 0.0 0.0 0.0 0.0 0.0 0.0; 0.805 0.805 0.805 0.805 0.805 0.805 0.805]

[24.37 24.765 25.16 25.555 25.95 26.345 26.74; 0.065 0.065 0.065 0.065 0.065 0.065 0.065; 0.805 0.805 0.805 0.805 0.805 0.805 0.805]

[24.37 24.765 25.16 25.555 25.95 26.345 26.74; 0.13 0.13 0.13 0.13 0.13 0.13 0.13; 0.805 0.805 0.805 0.805 0.805 0.805 0.805]

[24.37 24.765 25.16 25.555 25.95 26.345 26.74; 0.195 0.195 0.195 0.195 0.195 0.195 0.195; 0.805 0.805 0.805 0.805 0.805 0.805 0.805]

[24.37 24.765 25.16 25.555 25.95 26.345 26.74; 0.26 0.26 0.26 0.26 0.26 0.26 0.26; 0.805 0.805 0.805 0.805 0.805 0.805 0.805]

[24.37 24.765 25.16 25.555 25.95 26.345 26.74; 0.325 0.325 0.325 0.325 0.325 0.325 0.325; 0.805 0.805 0.805 0.805 0.805 0.805 0.805]

[24.37 24.765 25.16 25.555 25.95 26.345 26.74; 0.39 0.39 0.39 0.39 0.39 0.39 0.39; 0.805 0.805 0.805 0.805 0.805 0.805 0.805]

[24.37 24.765 25.16 25.555 25.95 26.345 26.74; 0.0 0.0 0.0 0.0 0.0 0.0 0.0; 0.82 0.82 0.82 0.82 0.82 0.82 0.82]

[24.37 24.765 25.16 25.555 25.95 26.345 26.74; 0.065 0.065 0.065 0.065 0.065 0.065 0.065; 0.82 0.82 0.82 0.82 0.82 0.82 0.82]

[24.37 24.765 25.16 25.555 25.95 26.345 26.74; 0.13 0.13 0.13 0.13 0.13 0.13 0.13; 0.82 0.82 0.82 0.82 0.82 0.82 0.82]

[24.37 24.765 25.16 25.555 25.95 26.345 26.74; 0.195 0.195 0.195 0.195 0.195 0.195 0.195; 0.82 0.82 0.82 0.82 0.82 0.82 0.82]

[24.37 24.765 25.16 25.555 25.95 26.345 26.74; 0.26 0.26 0.26 0.26 0.26 0.26 0.26; 0.82 0.82 0.82 0.82 0.82 0.82 0.82]

[24.37 24.765 25.16 25.555 25.95 26.345 26.74; 0.325 0.325 0.325 0.325 0.325 0.325 0.325; 0.82 0.82 0.82 0.82 0.82 0.82 0.82]

[24.37 24.765 25.16 25.555 25.95 26.345 26.74; 0.39 0.39 0.39 0.39 0.39 0.39 0.39; 0.82 0.82 0.82 0.82 0.82 0.82 0.82]

[24.37 24.765 25.16 25.555 25.95 26.345 26.74; 0.0 0.0 0.0 0.0 0.0 0.0 0.0; 0.835 0.835 0.835 0.835 0.835 0.835 0.835]

[24.37 24.765 25.16 25.555 25.95 26.345 26.74; 0.065 0.065 0.065 0.065 0.065 0.065 0.065; 0.835 0.835 0.835 0.835 0.835 0.835 0.835]

[24.37 24.765 25.16 25.555 25.95 26.345 26.74; 0.13 0.13 0.13 0.13 0.13 0.13 0.13; 0.835 0.835 0.835 0.835 0.835 0.835 0.835]

[24.37 24.765 25.16 25.555 25.95 26.345 26.74; 0.195 0.195 0.195 0.195 0.195 0.195 0.195; 0.835 0.835 0.835 0.835 0.835 0.835 0.835]

[24.37 24.765 25.16 25.555 25.95 26.345 26.74; 0.26 0.26 0.26 0.26 0.26 0.26 0.26; 0.835 0.835 0.835 0.835 0.835 0.835 0.835]

[24.37 24.765 25.16 25.555 25.95 26.345 26.74; 0.325 0.325 0.325 0.325 0.325 0.325 0.325; 0.835 0.835 0.835 0.835 0.835 0.835 0.835]

[24.37 24.765 25.16 25.555 25.95 26.345 26.74; 0.39 0.39 0.39 0.39 0.39 0.39 0.39; 0.835 0.835 0.835 0.835 0.835 0.835 0.835]

[24.37 24.765 25.16 25.555 25.95 26.345 26.74; 0.0 0.0 0.0 0.0 0.0 0.0 0.0; 0.85 0.85 0.85 0.85 0.85 0.85 0.85]

[24.37 24.765 25.16 25.555 25.95 26.345 26.74; 0.065 0.065 0.065 0.065 0.065 0.065 0.065; 0.85 0.85 0.85 0.85 0.85 0.85 0.85]

[24.37 24.765 25.16 25.555 25.95 26.345 26.74; 0.13 0.13 0.13 0.13 0.13 0.13 0.13; 0.85 0.85 0.85 0.85 0.85 0.85 0.85]

[24.37 24.765 25.16 25.555 25.95 26.345 26.74; 0.195 0.195 0.195 0.195 0.195 0.195 0.195; 0.85 0.85 0.85 0.85 0.85 0.85 0.85]

[24.37 24.765 25.16 25.555 25.95 26.345 26.74; 0.26 0.26 0.26 0.26 0.26 0.26 0.26; 0.85 0.85 0.85 0.85 0.85 0.85 0.85]

[24.37 24.765 25.16 25.555 25.95 26.345 26.74; 0.325 0.325 0.325 0.325 0.325 0.325 0.325; 0.85 0.85 0.85 0.85 0.85 0.85 0.85]

[24.37 24.765 25.16 25.555 25.95 26.345 26.74; 0.39 0.39 0.39 0.39 0.39 0.39 0.39; 0.85 0.85 0.85 0.85 0.85 0.85 0.85], [6.63484e6 39990.1 33458.5 35062.0 36180.7 37130.4 37890.5; 6.14003e6 39627.8 33462.7 35117.6 36244.7 37192.9 37949.3; 5.68585e6 39278.1 33470.5 35174.9 36309.6 37256.1 38008.5; 5.26859e6 38943.3 33484.3 35236.4 36377.9 37322.5 38070.7; 4.8849e6 38633.0 33513.9 35311.8 36459.6 37401.8 38145.7; 4.53177e6 38339.6 33551.4 35393.3 36546.6 37486.1 38225.5; 4.20653e6 38062.3 33596.3 35480.3 36638.4 37574.9 38309.6]

[6.63484e6 41277.5 33040.3 33066.0 33787.4 34483.0 35066.6; 6.14003e6 40853.6 33009.8 33097.1 33832.3 34530.1 35112.2; 5.68585e6 40442.4 32982.8 33129.9 33878.2 34577.8 35158.4; 5.26859e6 40052.5 32968.3 33173.3 33934.1 34635.1 35213.9; 4.8849e6 39681.2 32963.3 33224.3 33996.8 34698.9 35275.8; 4.53177e6 39326.7 32966.3 33281.3 34064.9 34767.8 35342.5; 4.20653e6 38988.7 32976.6 33343.9 34137.8 34841.1 35413.5]

[6.63484e6 43016.8 33117.1 32448.7 32785.2 33235.4 33648.5; 6.14003e6 42530.7 33051.5 32455.1 32811.0 33266.8 33680.9; 5.68585e6 42060.3 32992.5 32466.2 32840.8 33301.9 33716.8; 5.26859e6 41609.6 32944.0 32485.9 32878.5 33344.5 33760.1; 4.8849e6 41176.6 32904.1 32512.4 32922.3 33392.9 33808.9; 4.53177e6 40760.6 32872.3 32544.9 32971.4 33446.2 33862.5; 4.20653e6 40361.1 32847.9 32583.0 33025.3 33504.0 33920.4]

[6.63484e6 45210.9 33691.2 32348.7 32312.0 32524.5 32772.8; 6.14003e6 44662.2 33590.4 32330.4 32318.8 32540.4 32792.1; 5.68585e6 44130.5 33497.3 32317.9 32330.6 32561.0 32816.0; 5.26859e6 43617.5 33413.7 32312.9 32349.2 32588.1 32846.1; 4.8849e6 43122.3 33338.8 32314.7 32373.9 32620.8 32881.7; 4.53177e6 42644.3 33272.0 32322.6 32403.9 32658.6 32922.1; 4.20653e6 42182.9 33212.5 32336.0 32438.7 32700.8 32966.8]

[6.63484e6 47862.9 34764.9 32767.9 32369.6 32352.0 32440.7; 6.14003e6 47249.7 34627.3 32723.3 32355.7 32350.8 32445.4; 5.68585e6 46655.1 34498.9 32686.0 32348.3 32355.7 32456.0; 5.26859e6 46079.2 34380.0 32656.2 32347.8 32367.1 32472.9; 4.8849e6 45521.4 34269.8 32633.2 32353.3 32384.2 32495.3; 4.53177e6 44980.8 34167.7 32616.3 32364.1 32406.4 32522.5; 4.20653e6 44456.9 34073.0 32604.9 32379.8 32433.0 32554.0]

[6.63484e6 50972.7 36337.8 33705.2 32956.4 32716.1 32650.6; 6.14003e6 50294.9 36163.5 33634.6 32922.1 32698.1 32640.9; 5.68585e6 49636.9 35999.6 33572.3 32895.5 32687.3 32638.3; 5.26859e6 48997.7 35845.1 33517.6 32875.7 32683.1 32641.9; 4.8849e6 48376.7 35699.4 33469.7 32862.0 32684.5 32651.1; 4.53177e6 47773.0 35561.8 33427.9 32853.6 32690.9 32665.0; 4.20653e6 47186.1 35431.7 33391.6 32850.0 32701.8 32683.2]

[6.63484e6 54542.4 38411.2 35161.7 34073.3 33617.4 33402.8; 6.14003e6 53800.6 38201.1 35066.0 34019.7 33583.6 33379.7; 5.68585e6 53078.7 38001.4 34978.7 33973.7 33557.1 33363.8; 5.26859e6 52375.7 37811.2 34898.9 33934.6 33537.1 33354.2; 4.8849e6 51691.0 37629.8 34826.0 33901.5 33522.8 33350.0; 4.53177e6 51023.8 37456.5 34759.1 33873.8 33513.5 33350.7; 4.20653e6 50373.4 37290.7 34697.8 33851.0 33508.6 33355.6]) 
